0,-0.01077517055
0.01926397982,-0.01168441139
0.03852795964,-0.01280732755
0.05779193945,-0.01318908221
0.07705591927,-0.01303936484
0.09631989909,-0.01306490795
0.1155838789,-0.01308753225
0.1348478587,-0.01305192659
0.1541118385,-0.01295986898
0.1733758184,-0.01293362758
0.1926397982,-0.01300343198
0.211903778,-0.01279238609
0.2311677578,-0.01268864825
0.2504317376,-0.01259721521
0.2696957175,-0.01268096828
0.2889596973,-0.01272373129
0.3082236771,-0.01287974638
0.3274876569,-0.01273766623
0.3467516367,-0.01261604574
0.3660156165,-0.01249899328
0.3852795964,-0.01243387807
0.4045435762,-0.0124849268
0.423807556,-0.0125549346
0.4430715358,-0.0128304731
0.4623355156,-0.01289077784
0.4815994954,-0.01281134363
0.5008634753,-0.01267434296
0.5201274551,-0.01247473991
0.5393914349,-0.01241334226
0.5586554147,-0.01241743237
0.5779193945,-0.01250649521
0.5971833744,-0.01264786115
0.6164473542,-0.01254375989
0.635711334,-0.01232065471
0.6549753138,-0.01207505557
0.6742392936,-0.01186098725
0.6935032734,-0.01174746196
0.7127672533,-0.01179466417
0.7320312331,-0.01199454209
0.7512952129,-0.01222997745
0.7705591927,-0.01224469028
0.7898231725,-0.01210641306
0.8090871524,-0.01187432391
0.8283511322,-0.01166198284
0.847615112,-0.0114960021
0.8668790918,-0.01142742108
0.8861430716,-0.01150714141
0.9054070514,-0.01168037075
0.9246710313,-0.01185917614
0.9439350111,-0.01190223764
0.9631989909,-0.01177167011
0.9824629707,-0.01147296463
1.001726951,-0.01118978249
1.02099093,-0.01104176538
1.04025491,-0.01090999735
1.05951889,-0.0108107287
1.07878287,-0.01087950259
1.09804685,-0.01099643234
1.117310829,-0.01090395716
1.136574809,-0.01062844629
1.155838789,-0.01029775175
1.175102769,-0.01008265682
1.194366749,-0.009870869235
1.213630729,-0.009787204205
1.232894708,-0.009771752187
1.252158688,-0.009800476517
1.271422668,-0.009758968306
1.290686648,-0.009602259415
1.309950628,-0.009315071849
1.329214607,-0.009085254925
1.348478587,-0.00903006129
1.367742567,-0.009036269528
1.387006547,-0.009043478356
1.406270527,-0.00914465212
1.425534507,-0.009299547493
1.444798486,-0.009427817394
1.464062466,-0.009507994864
1.483326446,-0.009547416054
1.502590426,-0.009610000386
1.521854406,-0.009753651559
1.541118385,-0.009901295587
1.560382365,-0.01003997642
1.579646345,-0.01018308948
1.598910325,-0.01029890075
1.618174305,-0.01046726562
1.637438285,-0.01068737635
1.656702264,-0.01095661815
1.675966244,-0.0112961068
1.695230224,-0.01158738511
1.714494204,-0.01184527119
1.733758184,-0.01212732356
1.753022163,-0.01240427259
1.772286143,-0.01261893756
1.791550123,-0.01275425625
1.810814103,-0.0128981172
1.830078083,-0.01307845342
1.849342063,-0.01320312157
1.868606042,-0.01343687082
1.887870022,-0.01377956327
1.907134002,-0.01411059302
1.926397982,-0.01442163181
1.945661962,-0.01473750196
1.964925941,-0.01505073635
1.984189921,-0.01530443861
2.003453901,-0.01552543656
2.022717881,-0.0157640664
2.041981861,-0.01600161786
2.061245841,-0.01619778896
2.08050982,-0.0163243785
2.0997738,-0.01646236037
2.11903778,-0.01663700676
2.13830176,-0.01678120383
2.15756574,-0.01692437524
2.176829719,-0.01706029755
2.196093699,-0.01716952579
2.215357679,-0.01723962669
2.234621659,-0.01729258433
2.253885639,-0.01730129599
2.273149619,-0.01734029514
2.292413598,-0.01739079264
2.311677578,-0.01743516879
2.330941558,-0.01748047224
2.350205538,-0.01753457532
2.369469518,-0.01756582955
2.388733497,-0.01756940991
2.407997477,-0.01751419191
2.427261457,-0.01743778959
2.446525437,-0.0173841692
2.465789417,-0.01734025117
2.485053397,-0.01726936741
2.504317376,-0.01719234808
2.523581356,-0.01709768936
2.542845336,-0.01700358283
2.562109316,-0.0168843053
2.581373296,-0.0167103958
2.600637275,-0.01650647151
2.619901255,-0.01631066173
2.639165235,-0.0160789497
2.658429215,-0.01582647839
2.677693195,-0.01553226951
2.696957175,-0.0151927736
2.716221154,-0.01489171384
2.735485134,-0.01461772287
2.754749114,-0.01437381588
2.774013094,-0.01406193378
2.793277074,-0.01367585074
2.812541053,-0.01326518159
2.831805033,-0.01284402941
2.851069013,-0.01237406302
2.870332993,-0.01190572351
2.889596973,-0.0114345419
2.908860952,-0.01094578314
2.928124932,-0.01045539496
2.947388912,-0.009957576321
2.966652892,-0.009438056966
2.985916872,-0.008932503933
3.005180852,-0.008490503541
3.024444831,-0.008093902895
3.043708811,-0.007663776516
3.062972791,-0.007159792187
3.082236771,-0.006636829829
3.101500751,-0.006113791467
3.12076473,-0.005575902025
3.14002871,-0.004995029859
3.15929269,-0.004439035152
3.17855667,-0.003908255518
3.19782065,-0.003392159191
3.21708463,-0.002903459026
3.236348609,-0.002406968526
3.255612589,-0.001871346651
3.274876569,-0.00139649193
3.294140549,-0.000984997561
3.313404529,-0.0005751197981
3.332668508,-0.0001349781115
3.351932488,0.0003173892412
3.371196468,0.000809790536
3.390460448,0.001301118649
3.409724428,0.001789926369
3.428988408,0.00225121033
3.448252387,0.002678710716
3.467516367,0.003079862854
3.486780347,0.00341028436
3.506044327,0.003702484567
3.525308307,0.00403811989
3.544572286,0.004383175844
3.563836266,0.004646795643
3.583100246,0.004883462493
3.602364226,0.00514222557
3.621628206,0.005446506854
3.640892186,0.005775244722
3.660156165,0.006107594055
3.679420145,0.006449765105
3.698684125,0.006801616611
3.717948105,0.007152516057
3.737212085,0.007494256347
3.756476064,0.007819775117
3.775740044,0.008126238158
3.795004024,0.008421951462
3.814268004,0.008717607976
3.833531984,0.008971505587
3.852795964,0.009151998444
3.872059943,0.009262584534
3.891323923,0.009357555743
3.910587903,0.009472283445
3.929851883,0.009622241206
3.949115863,0.00976117724
3.968379842,0.009865082308
3.987643822,0.009955125705
4.006907802,0.0100717304
4.026171782,0.01021925967
4.045435762,0.01037953619
4.064699742,0.01052347732
4.083963721,0.01064622605
4.103227701,0.01077141403
4.122491681,0.01084973987
4.141755661,0.01088594461
4.161019641,0.01088397429
4.18028362,0.0108723727
4.1995476,0.01085847533
4.21881158,0.01084345408
4.23807556,0.0108291168
4.25733954,0.01082925798
4.27660352,0.0108168503
4.295867499,0.01080780566
4.315131479,0.01081985723
4.334395459,0.01083664601
4.353659439,0.01087643273
4.372923419,0.01091990032
4.392187398,0.01088419735
4.411451378,0.01077587399
4.430715358,0.01066227261
4.449979338,0.01056620492
4.469243318,0.0104620714
4.488507298,0.01033591684
4.507771277,0.01022044995
4.527035257,0.01010432482
4.546299237,0.009987732667
4.565563217,0.0098985318
4.584827197,0.00980039731
4.604091176,0.009669106846
4.623355156,0.00954573139
4.642619136,0.0094344774
4.661883116,0.009302216269
4.681147096,0.009138042346
4.700411076,0.008918297032
4.719675055,0.0086601954
4.738939035,0.008389531361
4.758203015,0.008109865719
4.777466995,0.0078292117
4.796730975,0.007574207279
4.815994954,0.007356682162
4.835258934,0.007128810386
4.854522914,0.00691140051
4.873786894,0.006687195722
4.893050874,0.006482156048
4.912314854,0.00630830491
4.931578833,0.006161572651
4.950842813,0.006004885502
4.970106793,0.005820965961
4.989370773,0.005602233478
5.008634753,0.005326685514
5.027898732,0.005045643774
5.047162712,0.004774520093
5.066426692,0.004495396288
5.085690672,0.004208724198
5.104954652,0.004002526958
5.124218632,0.003833510121
5.143482611,0.003653943551
5.162746591,0.003503225504
5.182010571,0.003351888052
5.201274551,0.003210902294
5.220538531,0.003049924605
5.23980251,0.002832607206
5.25906649,0.002583823229
5.27833047,0.002296841567
5.29759445,0.001944641179
5.31685843,0.001612262926
5.33612241,0.00132377675
5.355386389,0.00105813927
5.374650369,0.0008546768548
5.393914349,0.0007018456656
5.413178329,0.0006055292576
5.432442309,0.00052973787
5.451706288,0.0004289023034
5.470970268,0.0002509023302
5.490234248,2.634752053e-005
5.509498228,-0.0002287878641
5.528762208,-0.0005080326482
5.548026188,-0.0008541063129
5.567290167,-0.001240000585
5.586554147,-0.001658043989
5.605818127,-0.002014438761
5.625082107,-0.002321161881
5.644346087,-0.002629435281
5.663610066,-0.002932276116
5.682874046,-0.003132019483
5.702138026,-0.00328583908
5.721402006,-0.00344568701
5.740665986,-0.003670856631
5.759929966,-0.003947806652
5.779193945,-0.004166325456
5.798457925,-0.004361669638
5.817721905,-0.004577427148
5.836985885,-0.004855538561
5.856249865,-0.005119600011
5.875513844,-0.005325551673
5.894777824,-0.005494788456
5.914041804,-0.005640380446
5.933305784,-0.005782009905
5.952569764,-0.005965614304
5.971833744,-0.006127262227
5.991097723,-0.006291850896
6.010361703,-0.006475643065
6.029625683,-0.006673199015
6.048889663,-0.00684090125
6.068153643,-0.006995905859
6.087417622,-0.007162660726
6.106681602,-0.00731715055
6.125945582,-0.007468196428
6.145209562,-0.007613047376
6.164473542,-0.007773120296
6.183737522,-0.007901473714
6.203001501,-0.00801349168
6.222265481,-0.008091630606
6.241529461,-0.008147727715
6.260793441,-0.008239002526
6.280057421,-0.008361817396
6.2993214,-0.008489287327
6.31858538,-0.008597951805
6.33784936,-0.008686172233
6.35711334,-0.008775820581
6.37637732,-0.00888451387
6.3956413,-0.009006914495
6.414905279,-0.009111350585
6.434169259,-0.009221096321
6.453433239,-0.009322211146
6.472697219,-0.009410774007
6.491961199,-0.009459738582
6.511225178,-0.009514819282
6.530489158,-0.009603824612
6.549753138,-0.009704952884
6.569017118,-0.009792759124
6.588281098,-0.009855624557
6.607545078,-0.009947722377
6.626809057,-0.01000881261
6.646073037,-0.01000022431
6.665337017,-0.009938188377
6.684600997,-0.00987176936
6.703864977,-0.009820743169
6.723128956,-0.009769124396
6.742392936,-0.009663595888
6.761656916,-0.009537122077
6.780920896,-0.009411525908
6.800184876,-0.009303191011
6.819448856,-0.009254646456
6.838712835,-0.009241740078
6.857976815,-0.009204256936
6.877240795,-0.009158155719
6.896504775,-0.009075582945
6.915768755,-0.008912249457
6.935032734,-0.008730018525
6.954296714,-0.008562852142
6.973560694,-0.008369291981
6.992824674,-0.008146797707
7.012088654,-0.007872781478
7.031352634,-0.007595654137
7.050616613,-0.007387288733
7.069880593,-0.007203625166
7.089144573,-0.00707599756
7.108408553,-0.006943319059
7.127672533,-0.006750756846
7.146936512,-0.006549829523
7.166200492,-0.00637016904
7.185464472,-0.006207719691
7.204728452,-0.006022703836
7.223992432,-0.005763727448
7.243256412,-0.005422598399
7.262520391,-0.005015807681
7.281784371,-0.004602641909
7.301048351,-0.004287620409
7.320312331,-0.004065837545
7.339576311,-0.003827129767
7.35884029,-0.003583672989
7.37810427,-0.003340244705
7.39736825,-0.003101149417
7.41663223,-0.002876301458
7.43589621,-0.002652544194
7.45516019,-0.002454936082
7.474424169,-0.002240768042
7.493688149,-0.001937639022
7.512952129,-0.001587658931
7.532216109,-0.00121072693
7.551480089,-0.0008249369928
7.570744068,-0.0004111836395
7.590008048,-1.394670732e-005
7.609272028,0.0003258682407
7.628536008,0.000654715519
7.647799988,0.001001319626
7.667063968,0.001323812607
7.686327947,0.001632365325
7.705591927,0.001924125684
7.724855907,0.002264365832
7.744119887,0.002721188065
7.763383867,0.003237625216
7.782647846,0.003735876705
7.801911826,0.004286255273
7.821175806,0.004915108214
7.840439786,0.005560113116
7.859703766,0.006133201768
7.878967746,0.006723857811
7.898231725,0.007323515198
7.917495705,0.007906967053
7.936759685,0.008522138396
7.956023665,0.009148956644
7.975287645,0.009789615933
7.994551624,0.01048204721
8.013815604,0.01113624818
8.033079584,0.01178382404
8.052343564,0.01248200497
8.071607544,0.01324569288
8.090871524,0.01402021804
8.110135503,0.01477925535
8.129399483,0.01559614838
8.148663463,0.01649152345
8.167927443,0.01736604894
8.187191423,0.01820960453
8.206455402,0.01904598988
8.225719382,0.01990048883
8.244983362,0.02071594794
8.264247342,0.02145533739
8.283511322,0.02214909438
8.302775302,0.02287845277
8.322039281,0.0235657289
8.341303261,0.02421397382
8.360567241,0.02483494773
8.379831221,0.02552434366
8.399095201,0.02624865078
8.41835918,0.02695664552
8.43762316,0.0276518817
8.45688714,0.02832097733
8.47615112,0.02892162185
8.4954151,0.02947136852
8.51467908,0.02998450893
8.533943059,0.03047266139
8.553207039,0.03089470107
8.572471019,0.03125290565
8.591734999,0.0315748992
8.610998979,0.03188006109
8.630262958,0.03214683325
8.649526938,0.03241665756
8.668790918,0.0327053036
8.688054898,0.03298308457
8.707318878,0.03321733277
8.726582857,0.03341100574
8.745846837,0.03355972941
8.765110817,0.03368774586
8.784374797,0.03375704532
8.803638777,0.03373144952
8.822902757,0.0336475686
8.842166736,0.03352795639
8.861430716,0.03336664495
8.880694696,0.03320499273
8.899958676,0.03302841913
8.919222656,0.03285905943
8.938486635,0.03266470604
8.957750615,0.03241810761
8.977014595,0.03208515216
8.996278575,0.03163291218
9.015542555,0.03101118652
9.034806535,0.03030980272
9.054070514,0.02949474821
9.073334494,0.02857866569
9.092598474,0.02757069162
9.111862454,0.0264561363
9.131126434,0.02532018927
9.150390413,0.02416867018
9.169654393,0.02288810939
9.188918373,0.02145930598
9.208182353,0.01998254734
9.227446333,0.01842155981
9.246710313,0.01673439951
9.265974292,0.01493350651
9.285238272,0.0130404935
9.304502252,0.01110029979
9.323766232,0.009099397997
9.343030212,0.007055155966
9.362294191,0.004988154441
9.381558171,0.002940243462
9.400822151,0.0009381843734
9.420086131,-0.001056458633
9.439350111,-0.003004978121
9.458614091,-0.004884657223
9.47787807,-0.006664905165
9.49714205,-0.008396001498
9.51640603,-0.01007620625
9.53567001,-0.01169551881
9.55493399,-0.01323102168
9.574197969,-0.01465700298
9.593461949,-0.01597941783
9.612725929,-0.01716861618
9.631989909,-0.01825674355
9.651253889,-0.01925390751
9.670517869,-0.02012789058
9.689781848,-0.0208491794
9.709045828,-0.0214395825
9.728309808,-0.02196893439
9.747573788,-0.02246751012
9.766837768,-0.02289651354
9.786101747,-0.0232377401
9.805365727,-0.02354553373
9.824629707,-0.02381108236
9.843893687,-0.02404295082
9.863157667,-0.02425298307
9.882421647,-0.02436559748
9.901685626,-0.02442400659
9.920949606,-0.02446161703
9.940213586,-0.024522559
9.959477566,-0.02465133326
9.978741546,-0.02482963251
9.998005525,-0.02504858388
10.01726951,-0.02528656695
10.03653349,-0.02560394139
10.05579746,-0.0259682218
10.07506144,-0.02634815929
10.09432542,-0.02671475752
10.1135894,-0.02707015864
10.13285338,-0.02744857974
10.15211736,-0.02782142662
10.17138134,-0.02822764376
10.19064532,-0.02870959846
10.2099093,-0.02926749455
10.22917328,-0.02991139161
10.24843726,-0.03057547495
10.26770124,-0.03124790686
10.28696522,-0.03198050791
10.3062292,-0.03275744648
10.32549318,-0.03351177038
10.34475716,-0.03418430417
10.36402114,-0.03483419766
10.38328512,-0.03552456389
10.4025491,-0.03618882772
10.42181308,-0.03679275442
10.44107706,-0.03741050192
10.46034104,-0.0380670076
10.47960502,-0.03872224299
10.498869,-0.03938181231
10.51813298,-0.04007168114
10.53739696,-0.04080644157
10.55666094,-0.04153738667
10.57592492,-0.04226976867
10.5951889,-0.04301324327
10.61445288,-0.04376389058
10.63371686,-0.04445307878
10.65298084,-0.04509340968
10.67224482,-0.04570829907
10.6915088,-0.04631414758
10.71077278,-0.04696032955
10.73003676,-0.04765076747
10.74930074,-0.04838974734
10.76856472,-0.04922968361
10.7878287,-0.05012911234
10.80709268,-0.05105806777
10.82635666,-0.05196284175
10.84562064,-0.05285133642
10.86488462,-0.05377612835
10.8841486,-0.05463574278
10.90341258,-0.05537967941
10.92267656,-0.05604144733
10.94194054,-0.05668013072
10.96120452,-0.05728241863
10.9804685,-0.05787594239
10.99973248,-0.0584494571
11.01899646,-0.05900105657
11.03826044,-0.05952474382
11.05752442,-0.0599729071
11.0767884,-0.06029904959
11.09605238,-0.06048476358
11.11531635,-0.06059757899
11.13458033,-0.06060795935
11.15384431,-0.06047217995
11.17310829,-0.06022764014
11.19237227,-0.05985694733
11.21163625,-0.05939735244
11.23090023,-0.05887732867
11.25016421,-0.05831938255
11.26942819,-0.05770154453
11.28869217,-0.05699018902
11.30795615,-0.05619229166
11.32722013,-0.05528385028
11.34648411,-0.05429128677
11.36574809,-0.05329124771
11.38501207,-0.05231035043
11.40427605,-0.05123701006
11.42354003,-0.05006188366
11.44280401,-0.04880047931
11.46206799,-0.04746986565
11.48133197,-0.0460651065
11.50059595,-0.04461649085
11.51985993,-0.04317737649
11.53912391,-0.04169483425
11.55838789,-0.04012886793
11.57765187,-0.03850178927
11.59691585,-0.03683981122
11.61617983,-0.03514201239
11.63544381,-0.03335871731
11.65470779,-0.03153143645
11.67397177,-0.02961785435
11.69323575,-0.0275069089
11.71249973,-0.02523337872
11.73176371,-0.02291246134
11.75102769,-0.02048936004
11.77029167,-0.01793852827
11.78955565,-0.01531739455
11.80881963,-0.01256021754
11.82808361,-0.009592763705
11.84734759,-0.006424300936
11.86661157,-0.003116974346
11.88587555,0.0003757300277
11.90513953,0.004162185614
11.92440351,0.008188786315
11.94366749,0.01240616987
11.96293147,0.01687294232
11.98219545,0.02168305021
12.00145943,0.02667837358
12.02072341,0.03189010941
12.03998739,0.03744043343
12.05925137,0.04328789067
12.07851535,0.04941113745
12.09777933,0.05592875631
12.11704331,0.06286592537
12.13630729,0.07007231244
12.15557127,0.07759376701
12.17483524,0.08563020955
12.19409922,0.09403207963
12.2133632,0.1025957833
12.23262718,0.1115898575
12.25189116,0.1211614274
12.27115514,0.1310884396
12.29041912,0.1412376726
12.3096831,0.1518539261
12.32894708,0.1630119437
12.34821106,0.1743672359
12.36747504,0.1859832178
12.38673902,0.1981786389
12.406003,0.2108273812
12.42526698,0.2235540388
12.44453096,0.2364751423
12.46379494,0.2497940904
12.48305892,0.2632484162
12.5023229,0.2766835558
12.52158688,0.2904543765
12.54085086,0.3045050202
12.56011484,0.3182538115
12.57937882,0.3318885721
12.5986428,0.34555386
12.61790678,0.3589327025
12.63717076,0.3719557727
12.65643474,0.3848508344
12.67569872,0.3974449722
12.6949627,0.4092617307
12.71422668,0.4205547542
12.73349066,0.4314857702
12.75275464,0.4419146161
12.77201862,0.4515696698
12.7912826,0.4610245664
12.81054658,0.4697759372
12.82981056,0.4787811066
12.84907454,0.4862353154
12.86833852,0.4935695735
12.8876025,0.5000804325
12.90686648,0.5070544783
12.92613046,0.5134042753
12.94539444,0.5193338691
12.96465842,0.5246358674
12.9839224,0.5295384664
13.00318638,0.5346993939
13.02245036,0.5389379142
13.04171434,0.5425789017
13.06097832,0.5472070897
13.0802423,0.5505924161
13.09950628,0.5535522301
13.11877026,0.5558126121
13.13803424,0.5570715563
13.15729822,0.557358472
13.1765622,0.5561322393
13.19582618,0.5543764491
13.21509016,0.5510581507
13.23435413,0.5470254396
13.25361811,0.5420863846
13.27288209,0.5351868845
13.29214607,0.5264338662
13.31141005,0.516522964
13.33067403,0.5065558279
13.34993801,0.4934316342
13.36920199,0.4799571449
13.38846597,0.4632959377
13.40772995,0.4447799219
13.42699393,0.4262806371
13.44625791,0.4041321056
13.46552189,0.3839391646
13.48478587,0.361175037
13.50404985,0.3359558151
13.52331383,0.3080344323
13.54257781,0.2815815912
13.56184179,0.2498547482
13.58110577,0.2202837564
13.60036975,0.1913604246
13.61963373,0.1594413065
13.63889771,0.1250932346
13.65816169,0.09019197516
13.67742567,0.05493130445
13.69668965,0.01868819939
13.71595363,-0.0175047175
13.73521761,-0.05134906062
13.75448159,-0.08316080695
13.77374557,-0.1146021933
13.79300955,-0.1457910078
13.81227353,-0.1793027362
13.83153751,-0.2081663117
13.85080149,-0.2356928379
13.87006547,-0.2624569638
13.88932945,-0.2904788183
13.90859343,-0.3141170901
13.92785741,-0.3412501777
13.94712139,-0.3633677111
13.96638537,-0.3895801817
13.98564935,-0.4107156576
14.00491333,-0.4329275382
14.02417731,-0.4511545062
14.04344129,-0.4686745783
14.06270527,-0.4847782399
14.08196925,-0.4984797225
14.10123323,-0.5114762954
14.12049721,-0.5226902448
14.13976119,-0.5329960647
14.15902517,-0.5418132365
14.17828915,-0.5494588178
14.19755313,-0.5562194226
14.21681711,-0.5610235466
14.23608109,-0.5649906116
14.25534507,-0.5680136274
14.27460905,-0.5698813111
14.29387302,-0.5704464241
14.313137,-0.5700067392
14.33240098,-0.5686587132
14.35166496,-0.5665783979
14.37092894,-0.5636939733
14.39019292,-0.5600951404
14.4094569,-0.5557090757
14.42872088,-0.550790142
14.44798486,-0.5450761066
14.46724884,-0.5383392542
14.48651282,-0.5317337684
14.5057768,-0.5240006273
14.52504078,-0.5159022838
14.54430476,-0.5070588005
14.56356874,-0.4979153051
14.58283272,-0.4885416521
14.6020967,-0.4782183365
14.62136068,-0.467685818
14.64062466,-0.4575248901
14.65988864,-0.4471574269
14.67915262,-0.4364953374
14.6984166,-0.4256172421
14.71768058,-0.4148294117
14.73694456,-0.4040663868
14.75620854,-0.3929182688
14.77547252,-0.3825612845
14.7947365,-0.3718798401
14.81400048,-0.3615991452
14.83326446,-0.350681103
14.85252844,-0.3400366058
14.87179242,-0.3296852429
14.8910564,-0.3192350249
14.91032038,-0.3091268519
14.92958436,-0.298915968
14.94884834,-0.2889739383
14.96811232,-0.279467263
14.9873763,-0.2701838114
15.00664028,-0.2610523668
15.02590426,-0.2520569671
15.04516824,-0.243185434
15.06443222,-0.2343651491
15.0836962,-0.2253200673
15.10296018,-0.2164087966
15.12222416,-0.207743445
15.14148814,-0.1994692647
15.16075212,-0.1912824782
15.1800161,-0.183253797
15.19928008,-0.1753230248
15.21854406,-0.1672547286
15.23780804,-0.1595488755
15.25707202,-0.1517042443
15.276336,-0.1437090547
15.29559998,-0.1359422095
15.31486396,-0.1279905947
15.33412794,-0.1199456718
15.35339191,-0.1119404394
15.37265589,-0.1040754063
15.39191987,-0.09653005421
15.41118385,-0.08934003601
15.43044783,-0.08214436348
15.44971181,-0.07525387684
15.46897579,-0.0685414427
15.48823977,-0.06162852008
15.50750375,-0.05490839296
15.52676773,-0.04843055883
15.54603171,-0.0422557378
15.56529569,-0.03605674443
15.58455967,-0.03000456753
15.60382365,-0.02428569128
15.62308763,-0.01878001473
15.64235161,-0.01355091741
15.66161559,-0.008121751567
15.68087957,-0.002701091348
15.70014355,0.00250839988
15.71940753,0.007590743068
15.73867151,0.01270210983
15.75793549,0.01787751023
15.77719947,0.02279153246
15.79646345,0.02765609876
15.81572743,0.03214157819
15.83499141,0.03634880866
15.85425539,0.04059890624
15.87351937,0.0445525632
15.89278335,0.04832832221
15.91204733,0.05187371358
15.93131131,0.05551417649
15.95057529,0.05908458304
15.96983927,0.06252277022
15.98910325,0.06547635901
16.00836723,0.06834472081
16.02763121,0.07094610619
16.04689519,0.07358642153
16.06615917,0.07611869346
16.08542315,0.07857412208
16.10468713,0.08083680291
16.12395111,0.08297568936
16.14321509,0.08500190939
16.16247907,0.08703454689
16.18174305,0.08889552399
16.20100703,0.09058090139
16.22027101,0.09217122781
16.23953499,0.09340235323
16.25879897,0.09453535102
16.27806295,0.09563855445
16.29732693,0.09660587551
16.31659091,0.09740210281
16.33585489,0.09803566003
16.35511887,0.09853938608
16.37438285,0.09888359995
16.39364683,0.09907710428
16.4129108,0.09917602331
16.43217478,0.09908031698
16.45143876,0.09886733157
16.47070274,0.09855079646
16.48996672,0.09812734122
16.5092307,0.09763054145
16.52849468,0.09704970979
16.54775866,0.09635557979
16.56702264,0.09548486333
16.58628662,0.09439181367
16.6055506,0.09323382925
16.62481458,0.09196062645
16.64407856,0.09055488391
16.66334254,0.08908352617
16.68260652,0.08750473218
16.7018705,0.08580884668
16.72113448,0.08405904866
16.74039846,0.08217645962
16.75966244,0.08027765363
16.77892642,0.07831099016
16.7981904,0.07644557925
16.81745438,0.07447733847
16.83671836,0.07245831363
16.85598234,0.07042635693
16.87524632,0.06834502619
16.8945103,0.06625045231
16.91377428,0.06425824346
16.93303826,0.06229363985
16.95230224,0.06036135748
16.97156622,0.05847084768
16.9908302,0.05663756996
17.01009418,0.05484591301
17.02935816,0.05318197458
17.04862214,0.05164584758
17.06788612,0.04999413216
17.0871501,0.0486296882
17.10641408,0.04740650066
17.12567806,0.04639371237
17.14494204,0.04549499152
17.16420602,0.04472720468
17.18347,0.0438950406
17.20273398,0.0431200311
17.22199796,0.04247192646
17.24126194,0.04184147521
17.26052592,0.04124863958
17.2797899,0.04066456651
17.29905388,0.04009283275
17.31831786,0.03951283704
17.33758184,0.03899160042
17.35684582,0.03852630774
17.3761098,0.03809710656
17.39537378,0.03769046522
17.41463776,0.03722903951
17.43390174,0.03687097388
17.45316571,0.03654617828
17.47242969,0.03628516484
17.49169367,0.03598784301
17.51095765,0.03564959732
17.53022163,0.0352163819
17.54948561,0.03479427436
17.56874959,0.03437006675
17.58801357,0.03392257353
17.60727755,0.03343343764
17.62654153,0.03291282993
17.64580551,0.03244585131
17.66506949,0.03204872573
17.68433347,0.03164136152
17.70359745,0.03124513737
17.72286143,0.03096127438
17.74212541,0.03074944229
17.76138939,0.03055383176
17.78065337,0.03033003834
17.79991735,0.0300366042
17.81918133,0.0297010755
17.83844531,0.02933927866
17.85770929,0.02897817252
17.87697327,0.02862164432
17.89623725,0.02830046828
17.91550123,0.02794415447
17.93476521,0.02759489529
17.95402919,0.02721586756
17.97329317,0.02683886548
17.99255715,0.0263644203
18.01182113,0.02580753924
18.03108511,0.02522452142
18.05034909,0.02455284154
18.06961307,0.02384360783
18.08887705,0.02308357924
18.10814103,0.02226639429
18.12740501,0.02142978709
18.14666899,0.02053877163
18.16593297,0.01961551993
18.18519695,0.01866556447
18.20446093,0.01770428481
18.22372491,0.01665677847
18.24298889,0.01549046541
18.26225287,0.01433639828
18.28151685,0.01317792389
18.30078083,0.01192168563
18.32004481,0.01058955442
18.33930879,0.009253225592
18.35857277,0.00797666317
18.37783675,0.006777078067
18.39710073,0.00556665733
18.41636471,0.004374430165
18.43562869,0.003281743703
18.45489267,0.002255047079
18.47415665,0.001259702369
18.49342063,0.0002426494674
18.5126846,-0.0007291159125
18.53194858,-0.0016761553
18.55121256,-0.002588400849
18.57047654,-0.003515751031
18.58974052,-0.004462481526
18.6090045,-0.0053251363
18.62826848,-0.006050849117
18.64753246,-0.006661620289
18.66679644,-0.007190752525
18.68606042,-0.007675038143
18.7053244,-0.008061813083
18.72458838,-0.008317583721
18.74385236,-0.008509971026
18.76311634,-0.008626549526
18.78238032,-0.008685293841
18.8016443,-0.008712553559
18.82090828,-0.008728755561
18.84017226,-0.008720523583
18.85943624,-0.008626055123
18.87870022,-0.008378792334
18.8979642,-0.007986939215
18.91722818,-0.007502231311
18.93649216,-0.006985845183
18.95575614,-0.006387042707
18.97502012,-0.0056638151
18.9942841,-0.004912705837
19.01354808,-0.004146030491
19.03281206,-0.003333535141
19.05207604,-0.002524744959
19.07134002,-0.001743848459
19.090604,-0.001018856628
19.10986798,-0.0002694272902
19.12913196,0.0006206359558
19.14839594,0.001641760038
19.16765992,0.002716986637
19.1869239,0.003751663629
19.20618788,0.004858725591
19.22545186,0.00608571667
19.24471584,0.007296848455
19.26397982,0.008493513655
19.2832438,0.009761724156
19.30250778,0.01104036047
19.32177176,0.01219757289
19.34103574,0.01323435756
19.36029972,0.01430343362
19.3795637,0.0154503523
19.39882768,0.01667480642
19.41809166,0.01792355116
19.43735564,0.01917233843
19.45661962,0.02042161281
19.4758836,0.02169073067
19.49514758,0.02299377986
19.51441156,0.0243337108
19.53367554,0.02563182251
19.55293952,0.02686938652
19.57220349,0.02798523441
19.59146747,0.02898266002
19.61073145,0.02992951829
19.62999543,0.03092240594
19.64925941,0.03191273302
19.66852339,0.03289464064
19.68778737,0.03387571442
19.70705135,0.03483628705
19.72631533,0.03579753765
19.74557931,0.03673900423
19.76484329,0.03762364927
19.78410727,0.03847269366
19.80337125,0.03923768179
19.82263523,0.03988078033
19.84189921,0.04042286114
19.86116319,0.04094258226
19.88042717,0.04146235593
19.89969115,0.04195034479
19.91895513,0.0424190514
19.93821911,0.04291224182
19.95748309,0.04343656437
19.97674707,0.04395973595
19.99601105,0.04446464386
20.01527503,0.04485337491
20.03453901,0.04517277033
20.05380299,0.04543689286
20.07306697,0.04562351847
20.09233095,0.0456840074
20.11159493,0.04571887174
20.13085891,0.04576625376
20.15012289,0.0458000736
20.16938687,0.04576518985
20.18865085,0.0456945367
20.20791483,0.04562054586
20.22717881,0.04552743247
20.24644279,0.04544095414
20.26570677,0.04534046812
20.28497075,0.04514822682
20.30423473,0.04483632277
20.32349871,0.04443769088
20.34276269,0.04391912253
20.36202667,0.043304909
20.38129065,0.04273557499
20.40055463,0.04224561701
20.41981861,0.0417436264
20.43908259,0.04119749951
20.45834657,0.04063363905
20.47761055,0.04009396204
20.49687453,0.03960076376
20.51613851,0.03903999579
20.53540249,0.03839399605
20.55466647,0.03771745956
20.57393045,0.03700920856
20.59319443,0.03626791114
20.61245841,0.03557766698
20.63172238,0.03497391817
20.65098636,0.03448207535
20.67025034,0.03405831164
20.68951432,0.03366131927
20.7087783,0.03329781573
20.72804228,0.03298736564
20.74730626,0.03274862861
20.76657024,0.03259381865
20.78583422,0.03239046007
20.8050982,0.03223062457
20.82436218,0.03204338594
20.84362616,0.03190886048
20.86289014,0.03188957314
20.88215412,0.03197701576
20.9014181,0.0321404318
20.92068208,0.0323789448
20.93994606,0.03262736948
20.95921004,0.03290925748
20.97847402,0.03336447088
20.997738,0.03390235837
21.01700198,0.03445864272
21.03626596,0.03509163953
21.05552994,0.03570368441
21.07479392,0.03633108052
21.0940579,0.03695608743
21.11332188,0.03754342285
21.13258586,0.03811568723
21.15184984,0.03866677875
21.17111382,0.03917894772
21.1903778,0.03963093274
21.20964178,0.04002794664
21.22890576,0.0404684758
21.24816974,0.04095076908
21.26743372,0.04144691462
21.2866977,0.04193489278
21.30596168,0.04234655887
21.32522566,0.04260102175
21.34448964,0.04273293384
21.36375362,0.04278641156
21.3830176,0.0427477005
21.40228158,0.04267730999
21.42154556,0.04249648423
21.44080954,0.04214872993
21.46007352,0.04171677272
21.4793375,0.04123925876
21.49860148,0.04067611659
21.51786546,0.04002664097
21.53712944,0.03933755571
21.55639342,0.03856849817
21.5756574,0.03768595632
21.59492138,0.03666358908
21.61418536,0.03550363816
21.63344934,0.03424480012
21.65271332,0.03292828342
21.6719773,0.03156069149
21.69124127,0.03002051069
21.71050525,0.02832381803
21.72976923,0.02658950738
21.74903321,0.02479594397
21.76829719,0.02298409656
21.78756117,0.0211584629
21.80682515,0.01930230774
21.82608913,0.01738599267
21.84535311,0.01538444784
21.86461709,0.01327960081
21.88388107,0.01114440804
21.90314505,0.008978645177
21.92240903,0.006752753587
21.94167301,0.004532146186
21.96093699,0.002285559361
21.98020097,-0.0001203935785
21.99946495,-0.00260811859
22.01872893,-0.005056638131
22.03799291,-0.007538351948
22.05725689,-0.01006597024
22.07652087,-0.01259179745
22.09578485,-0.01515619448
22.11504883,-0.01777427324
22.13431281,-0.02030730208
22.15357679,-0.02275045144
22.17284077,-0.0251428833
22.19210475,-0.02748258201
22.21136873,-0.02973482347
22.23063271,-0.03190895248
22.24989669,-0.03401399251
22.26916067,-0.03601360194
22.28842465,-0.03787872838
22.30768863,-0.03968074513
22.32695261,-0.04149130075
22.34621659,-0.04326810875
22.36548057,-0.04495963885
22.38474455,-0.04658407644
22.40400853,-0.04814306493
22.42327251,-0.04957243119
22.44253649,-0.05089534919
22.46180047,-0.05207954429
22.48106445,-0.05308535713
22.50032843,-0.05392840158
22.51959241,-0.05464916695
22.53885639,-0.05530291111
22.55812037,-0.0558862048
22.57738435,-0.05638429645
22.59664833,-0.05681419678
22.61591231,-0.05721259468
22.63517629,-0.05756738559
22.65444027,-0.05781448225
22.67370425,-0.05797469122
22.69296823,-0.0580819736
22.71223221,-0.05813723318
22.73149619,-0.05805663414
22.75076016,-0.05786809913
22.77002414,-0.05759974382
22.78928812,-0.05727232169
22.8085521,-0.0569530018
22.82781608,-0.0566228751
22.84708006,-0.05626621287
22.86634404,-0.05582677078
22.88560802,-0.0553551908
22.904872,-0.0548723059
22.92413598,-0.05430068991
22.94339996,-0.05370208644
22.96266394,-0.05310959601
22.98192792,-0.05242192433
23.0011919,-0.0516458682
23.02045588,-0.05081281557
23.03971986,-0.04995961906
23.05898384,-0.04912426654
23.07824782,-0.0482749341
23.0975118,-0.04746540527
23.11677578,-0.046708243
23.13603976,-0.04597745931
23.15530374,-0.04526736086
23.17456772,-0.04450083983
23.1938317,-0.04369016363
23.21309568,-0.04285625933
23.23235966,-0.04196204726
23.25162364,-0.0410810456
23.27088762,-0.0402496147
23.2901516,-0.03942262011
23.30941558,-0.03864239674
23.32867956,-0.03792443808
23.34794354,-0.03725380456
23.36720752,-0.03663330091
23.3864715,-0.03607898957
23.40573548,-0.03556886589
23.42499946,-0.03503311009
23.44426344,-0.0344662297
23.46352742,-0.03392043545
23.4827914,-0.03331399523
23.50205538,-0.03270686071
23.52131936,-0.03209284551
23.54058334,-0.03149643309
23.55984732,-0.03094206099
23.5791113,-0.03041794842
23.59837528,-0.02991830447
23.61763926,-0.02938462462
23.63690324,-0.02885487854
23.65616722,-0.02832229783
23.6754312,-0.02775774386
23.69469518,-0.02716132332
23.71395916,-0.02652173404
23.73322314,-0.02583209192
23.75248712,-0.02510394523
23.7717511,-0.02437744873
23.79101508,-0.02364531786
23.81027905,-0.02290103314
23.82954303,-0.02215034509
23.84880701,-0.02138960621
23.86807099,-0.02068798195
23.88733497,-0.02000658967
23.90659895,-0.01933395349
23.92586293,-0.01866433111
23.94512691,-0.017963629
23.96439089,-0.01717943827
23.98365487,-0.01635947283
24.00291885,-0.01552858916
24.02218283,-0.01467791088
24.04144681,-0.01381536238
24.06071079,-0.0129723608
24.07997477,-0.01217591259
24.09923875,-0.01143841781
24.11850273,-0.01074366757
24.13776671,-0.01011871079
24.15703069,-0.009562045579
24.17629467,-0.009031263914
24.19555865,-0.008472394193
24.21482263,-0.007889422007
24.23408661,-0.007270292639
24.25335059,-0.006608357277
24.27261457,-0.005919337922
24.29187855,-0.005244977433
24.31114253,-0.004543725845
24.33040651,-0.003901756899
24.34967049,-0.003377957395
24.36893447,-0.00292707109
24.38819845,-0.002489756493
24.40746243,-0.002087826678
24.42672641,-0.001721087464
24.44599039,-0.001428261885
24.46525437,-0.001135058172
24.48451835,-0.0008436094493
24.50378233,-0.0005656716637
24.52304631,-0.0003006808582
24.54231029,-3.702902959e-005
24.56157427,0.0002027658675
24.58083825,0.0003987264972
24.60010223,0.0005339275822
24.61936621,0.0006588389589
24.63863019,0.0007637750936
24.65789417,0.0008216831497
24.67715815,0.0008227187666
24.69642213,0.0007187765327
24.71568611,0.0005402915323
24.73495009,0.000267684548
24.75421407,-5.088248284e-005
24.77347805,-0.0003603773747
24.79274203,-0.0006787004805
24.81200601,-0.001001939636
24.83126999,-0.001336738283
24.85053397,-0.001706177552
24.86979794,-0.002135091268
24.88906192,-0.002626494867
24.9083259,-0.00312736268
24.92758988,-0.003668394154
24.94685386,-0.004293650988
24.96611784,-0.004931180898
24.98538182,-0.005558602115
25.0046458,-0.006135802127
25.02390978,-0.00672120812
25.04317376,-0.007326231861
25.06243774,-0.007918844151
25.08170172,-0.008573147825
25.1009657,-0.009260348877
25.12022968,-0.009967547013
25.13949366,-0.01075041462
25.15875764,-0.01154215089
25.17802162,-0.01231054602
25.1972856,-0.01306316546
25.21654958,-0.01380672675
25.23581356,-0.01456039401
25.25507754,-0.01530540748
25.27434152,-0.01605661938
25.2936055,-0.01680092777
25.31286948,-0.0175664909
25.33213346,-0.01837366963
25.35139744,-0.0192504382
25.37066142,-0.02014076734
25.3899254,-0.02098708233
25.40918938,-0.0217918908
25.42845336,-0.02256403065
25.44771734,-0.02327431997
25.46698132,-0.0238874715
25.4862453,-0.02444263627
25.50550928,-0.02492709186
25.52477326,-0.02543306246
25.54403724,-0.02594686591
25.56330122,-0.02642495953
25.5825652,-0.02689604929
25.60182918,-0.02737861962
25.62109316,-0.02784750321
25.64035714,-0.02828565424
25.65962112,-0.02868053062
25.6788851,-0.02903303544
25.69814908,-0.02928940391
25.71741306,-0.02945477424
25.73667704,-0.02958522803
25.75594102,-0.02967558269
25.775205,-0.02970530377
25.79446898,-0.02973430152
25.81373296,-0.02973132483
25.83299694,-0.02968927742
25.85226092,-0.0296150144
25.8715249,-0.02955595603
25.89078888,-0.02949653097
25.91005286,-0.02944984593
25.92931683,-0.02939519316
25.94858081,-0.02934070089
25.96784479,-0.02927269243
25.98710877,-0.02919851977
26.00637275,-0.02911734516
26.02563673,-0.02903763866
26.04490071,-0.0289697616
26.06416469,-0.02891036869
26.08342867,-0.02884021204
26.10269265,-0.02872269962
26.12195663,-0.02861384277
26.14122061,-0.02856410175
26.16048459,-0.02859321685
26.17974857,-0.02865036403
26.19901255,-0.02868192319
26.21827653,-0.02866792555
26.23754051,-0.02863130967
26.25680449,-0.02861219259
26.27606847,-0.02860139292
26.29533245,-0.02861961029
26.31459643,-0.02865392583
26.33386041,-0.02866221656
26.35312439,-0.02867812813
26.37238837,-0.02871964738
26.39165235,-0.02878423543
26.41091633,-0.02887875285
26.43018031,-0.02894539202
26.44944429,-0.02898036251
26.46870827,-0.02894078553
26.48797225,-0.02886407999
26.50723623,-0.02880562354
26.52650021,-0.02879680429
26.54576419,-0.02885108528
26.56502817,-0.02893835402
26.58429215,-0.0289956139
26.60355613,-0.02902876289
26.62282011,-0.02904342212
26.64208409,-0.0290494997
26.66134807,-0.02907682255
26.68061205,-0.0291052204
26.69987603,-0.02909596016
26.71914001,-0.02904803058
26.73840399,-0.02898527196
26.75766797,-0.02891921603
26.77693195,-0.02890785667
26.79619593,-0.02896166091
26.81545991,-0.02906576845
26.83472389,-0.02914117194
26.85398787,-0.02917391065
26.87325185,-0.02920848084
26.89251583,-0.02925276167
26.91177981,-0.02932406084
26.93104379,-0.02941347402
26.95030777,-0.02943823723
26.96957175,-0.02943713489
26.98883572,-0.02936174243
27.0080997,-0.02938692698
27.02736368,-0.02948287015
27.04662766,-0.02959440417
27.06589164,-0.029745327
27.08515562,-0.02991951286
27.1044196,-0.03009380827
27.12368358,-0.03027488099
27.14294756,-0.0304621778
27.16221154,-0.03065700384
27.18147552,-0.03085739493
27.2007395,-0.03106376622
27.22000348,-0.03118858376
27.23926746,-0.03122443464
27.25853144,-0.0312849735
27.27779542,-0.03137343413
27.2970594,-0.03146415368
27.31632338,-0.03154044891
27.33558736,-0.03161942516
27.35485134,-0.03168999758
27.37411532,-0.03174999756
27.3933793,-0.03177531846
27.41264328,-0.03182438233
27.43190726,-0.03188445657
27.45117124,-0.03188200591
27.47043522,-0.03174938283
27.4896992,-0.0315162638
27.50896318,-0.03128077084
27.52822716,-0.03099862021
27.54749114,-0.03067160464
27.56675512,-0.03036030556
27.5860191,-0.03003816226
27.60528308,-0.0297127214
27.62454706,-0.0293992818
27.64381104,-0.02910865218
27.66307502,-0.02886842869
27.682339,-0.028673643
27.70160298,-0.02847228117
27.72086696,-0.02825432328
27.74013094,-0.02799463467
27.75939492,-0.02776301922
27.7786589,-0.02754937323
27.79792288,-0.02735058376
27.81718686,-0.0271768844
27.83645084,-0.02692232595
27.85571482,-0.02666047943
27.8749788,-0.02636545145
27.89424278,-0.02605818761
27.91350676,-0.0257642275
27.93277074,-0.02546602669
27.95203472,-0.02518959428
27.9712987,-0.02493192231
27.99056268,-0.02467830539
28.00982666,-0.02445953457
28.02909064,-0.02421285177
28.04835461,-0.02387883513
28.06761859,-0.0235245107
28.08688257,-0.02310143533
28.10614655,-0.0225856219
28.12541053,-0.02196511211
28.14467451,-0.02130923638
28.16393849,-0.02066961794
28.18320247,-0.01996992123
28.20246645,-0.01922328721
28.22173043,-0.01846695592
28.24099441,-0.01769046514
28.26025839,-0.01688135261
28.27952237,-0.0160086191
28.29878635,-0.01513667705
28.31805033,-0.01430955139
28.33731431,-0.01344190767
28.35657829,-0.01249342471
28.37584227,-0.01149595531
28.39510625,-0.0105071569
28.41437023,-0.009515536334
28.43363421,-0.008479641398
28.45289819,-0.007366218603
28.47216217,-0.006245350302
28.49142615,-0.005175078474
28.51069013,-0.004091456434
28.52995411,-0.003027748871
28.54921809,-0.002084345161
28.56848207,-0.001168196411
28.58774605,-0.0001703269727
28.60701003,0.0008260939811
28.62627401,0.001837538276
28.64553799,0.002812279046
28.66480197,0.003774420375
28.68406595,0.004693547261
28.70332993,0.005603376232
28.72259391,0.006484078585
28.74185789,0.007374883956
28.76112187,0.008267078125
28.78038585,0.00914104588
28.79964983,0.009946173851
28.81891381,0.01063928336
28.83817779,0.01130300359
28.85744177,0.0120362649
28.87670575,0.01274352657
28.89596973,0.01333622427
28.91523371,0.01381347732
28.93449769,0.01430993505
28.95376167,0.01484452932
28.97302565,0.01537939005
28.99228963,0.01589559927
29.01155361,0.01641186028
29.03081759,0.01689037481
29.05008157,0.01730151414
29.06934555,0.01772727487
29.08860952,0.01813960065
29.1078735,0.01859621794
29.12713748,0.01898061165
29.14640146,0.01922369038
29.16566544,0.01942032501
29.18492942,0.01957891952
29.2041934,0.01977963334
29.22345738,0.02009035227
29.24272136,0.02055439979
29.26198534,0.0209541997
29.28124932,0.021301175
29.3005133,0.02165655988
29.31977728,0.02186390252
29.33904126,0.02216972403
29.35830524,0.02258523677
29.37756922,0.0230006384
29.3968332,0.02324102999
29.41609718,0.02342949518
29.43536116,0.02364816286
29.45462514,0.02391198815
29.47388912,0.02417462275
29.4931531,0.02445451758
29.51241708,0.02474795373
29.53168106,0.02496504279
29.55094504,0.02515662297
29.57020902,0.02529315269
29.589473,0.02536621772
29.60873698,0.02541451927
29.62800096,0.02531042208
29.64726494,0.02524181015
29.66652892,0.02514895815
29.6857929,0.02505132143
29.70505688,0.02494781956
29.72432086,0.02484812975
29.74358484,0.0247537298
29.76284882,0.02463358025
29.7821128,0.02446443349
29.80137678,0.02422963436
29.82064076,0.0239517156
29.83990474,0.02365577659
29.85916872,0.02330896905
29.8784327,0.02298512472
29.89769668,0.02270874245
29.91696066,0.02247124203
29.93622464,0.022324514
29.95548862,0.02223370527
29.9747526,0.02214510347
29.99401658,0.02209790789
30.01328056,0.0220541597
30.03254454,0.02203251273
30.05180852,0.02197190547
30.0710725,0.02193155651
30.09033648,0.02178978849
30.10960046,0.02152364917
30.12886444,0.0213129023
30.14812841,0.02120363267
30.16739239,0.02108944237
30.18665637,0.02097381716
30.20592035,0.02094084348
30.22518433,0.02092405602
30.24444831,0.02088562481
30.26371229,0.02078827518
30.28297627,0.02069393165
30.30224025,0.02062887753
30.32150423,0.02052803271
30.34076821,0.02034030127
30.36003219,0.02011496382
30.37929617,0.01986475716
30.39856015,0.01965351296
30.41782413,0.01939373262
30.43708811,0.01908147731
30.45635209,0.01875436692
30.47561607,0.01844970219
30.49488005,0.01812796877
30.51414403,0.0177727016
30.53340801,0.01741299982
30.55267199,0.01711912884
30.57193597,0.01686696989
30.59119995,0.01660664457
30.61046393,0.01634046585
30.62972791,0.01601691511
30.64899189,0.01562337346
30.66825587,0.0151637981
30.68751985,0.01467094283
30.70678383,0.01421390518
30.72604781,0.01378948701
30.74531179,0.01335958103
30.76457577,0.01297508763
30.78383975,0.0126907286
30.80310373,0.01251130011
30.82236771,0.01239161342
30.84163169,0.01226878617
30.86089567,0.01210213681
30.88015965,0.0119471127
30.89942363,0.01173244816
30.91868761,0.01142620906
30.93795159,0.01110346629
30.95721557,0.01087114507
30.97647955,0.0106905627
30.99574353,0.01055311497
31.01500751,0.01045900305
31.03427149,0.0105109747
31.05353547,0.01062030628
31.07279945,0.01079738911
31.09206343,0.01098649392
31.11132741,0.01120442119
31.13059139,0.01146375991
31.14985537,0.01170158574
31.16911935,0.01192694623
31.18838333,0.0122024401
31.2076473,0.01256015717
31.22691128,0.01292133105
31.24617526,0.01327966235
31.26543924,0.01364804026
31.28470322,0.01404278058
31.3039672,0.01443814495
31.32323118,0.01484228227
31.34249516,0.01531383346
31.36175914,0.01580923683
31.38102312,0.01624575944
31.4002871,0.01667298657
31.41955108,0.01707930477
31.43881506,0.01751021859
31.45807904,0.01791723658
31.47734302,0.01827197748
31.496607,0.01856857962
31.51587098,0.01881732475
31.53513496,0.01906095941
31.55439894,0.01930710984
31.57366292,0.01956425391
31.5929269,0.01984097854
31.61219088,0.02013329873
31.63145486,0.02039550222
31.65071884,0.02061155166
31.66998282,0.02084678206
31.6892468,0.02110180936
31.70851078,0.02133938061
31.72777476,0.02156658361
31.74703874,0.02176695436
31.76630272,0.02196507105
31.7855667,0.02217440218
31.80483068,0.02240967358
31.82409466,0.0226545731
31.84335864,0.02287669619
31.86262262,0.02308771544
31.8818866,0.0232622016
31.90115058,0.02338150979
31.92041456,0.02351645228
31.93967854,0.0236948771
31.95894252,0.02391193913
31.9782065,0.02409632209
31.99747048,0.02423819171
32.01673446,0.02436308393
32.03599844,0.02449305062
32.05526242,0.02459289856
32.0745264,0.02464094122
32.09379038,0.02466910329
32.11305436,0.02461917854
32.13231834,0.02447112609
32.15158232,0.02432452516
32.1708463,0.02424963278
32.19011028,0.0242229931
32.20937426,0.02420774974
32.22863824,0.02415812014
32.24790222,0.02403422628
32.26716619,0.02391324344
32.28643017,0.02379335142
32.30569415,0.0236777683
32.32495813,0.02358820224
32.34422211,0.02348165157
32.36348609,0.02330284947
32.38275007,0.02301903635
32.40201405,0.02268357155
32.42127803,0.02237669871
32.44054201,0.02207039105
32.45980599,0.02178147022
32.47906997,0.02147819065
32.49833395,0.02107772532
32.51759793,0.02062391881
32.53686191,0.02020811829
32.55612589,0.01984377318
32.57538987,0.0195479668
32.59465385,0.01924456379
32.61391783,0.01882221941
32.63318181,0.01834504679
32.65244579,0.0178761361
32.67170977,0.01741251967
32.69097375,0.01692124265
32.71023773,0.01640650232
32.72950171,0.01588420168
32.74876569,0.01534974734
32.76802967,0.01478099297
32.78729365,0.01422748958
32.80655763,0.01375518826
32.82582161,0.01335336984
32.84508559,0.01295712723
32.86434957,0.01255098803
32.88361355,0.01212545409
32.90287753,0.01176068847
32.92214151,0.01142285934
32.94140549,0.0111336081
32.96066947,0.01094449467
32.97993345,0.01077965441
32.99919743,0.01056865893
33.01846141,0.01040163558
33.03772539,0.0103070219
33.05698937,0.01027720837
33.07625335,0.01031976024
33.09551733,0.01032658436
33.11478131,0.0103316249
33.13404529,0.01032868831
33.15330927,0.01035357073
33.17257325,0.01048509989
33.19183723,0.01060429084
33.21110121,0.01073744449
33.23036519,0.01087887765
33.24962917,0.01103130161
33.26889315,0.01117898272
33.28815713,0.01132417305
33.30742111,0.01149869513
33.32668508,0.01168153975
33.34594906,0.01185390129
33.36521304,0.01200694841
33.38447702,0.01212697731
33.403741,0.01223686221
33.42300498,0.01238513508
33.44226896,0.012586076
33.46153294,0.01280617959
33.48079692,0.01304838871
33.5000609,0.01327976867
33.51932488,0.01349279178
33.53858886,0.01370474072
33.55785284,0.01393696384
33.57711682,0.01420124974
33.5963808,0.01446242159
33.61564478,0.01470280699
33.63490876,0.01492400203
33.65417274,0.01511233405
33.67343672,0.01528017533
33.6927007,0.01544738023
33.71196468,0.01559749791
33.73122866,0.01577438775
33.75049264,0.01594168804
33.76975662,0.01613360657
33.7890206,0.01634684072
33.80828458,0.01652308527
33.82754856,0.01669541792
33.84681254,0.01681678449
33.86607652,0.01693944518
33.8853405,0.01691678938
33.90460448,0.0167712099
33.92386846,0.01664218342
33.94313244,0.01653735114
33.96239642,0.01643693146
33.9816604,0.01636646887
34.00092438,0.01629971847
34.02018836,0.01625235712
34.03945234,0.01624449722
34.05871632,0.01623601879
34.0779803,0.0162190303
34.09724428,0.01622322258
34.11650826,0.01622492736
34.13577224,0.01615785996
34.15503622,0.01602492349
34.1743002,0.0158913422
34.19356418,0.01578481018
34.21282816,0.01566654406
34.23209214,0.01555586895
34.25135612,0.01544798332
34.2706201,0.01535367583
34.28988408,0.01527528732
34.30914806,0.01520066807
34.32841204,0.01515810832
34.34767602,0.01515371149
34.36694,0.0152163871
34.38620397,0.01528807516
34.40546795,0.01529361825
34.42473193,0.01522376207
34.44399591,0.01519481167
34.46325989,0.01530692365
34.48252387,0.01514697197
34.50178785,0.01514806019
34.52105183,0.01548419319
34.54031581,0.01546657689
34.55957979,0.0154581326
34.57884377,0.01556257323
34.59810775,0.01564404919
34.61737173,0.01575591189
34.63663571,0.0158437361
34.65589969,0.01581023442
34.67516367,0.01574766767
34.69442765,0.01621458479
34.71369163,0.01595236011
34.73295561,0.01568109131
34.75221959,0.01564715869
34.77148357,0.01586351044
34.79074755,0.01591381892
34.81001153,0.0161755897
34.82927551,0.01646723471
34.84853949,0.01663236893
34.86780347,0.01671774434
34.88706745,0.01692373952
34.90633143,0.01686134366
34.92559541,0.01668399727
34.94485939,0.01660315077
34.96412337,0.0165786627
34.98338735,0.01647173833
35.00265133,0.01649928889
35.02191531,0.01656746718
35.04117929,0.0164748112
35.06044327,0.01660708178
35.07970725,0.01653625421
35.09897123,0.01639152794
35.11823521,0.01637365265
35.13749919,0.01620889646
35.15676317,0.01600463579
35.17602715,0.01588370814
35.19529113,0.01571239318
35.21455511,0.01557810382
35.23381909,0.01551293901
35.25308307,0.0153282675
35.27234705,0.01519902856
35.29161103,0.01497191233
35.31087501,0.01466759443
35.33013899,0.01429079402
35.34940297,0.01394357376
35.36866695,0.01362004138
35.38793093,0.01333005429
35.40719491,0.01300438755
35.42645889,0.01278937282
35.44572286,0.01256616466
35.46498684,0.01220160934
35.48425082,0.01188536895
35.5035148,0.01161438471
35.52277878,0.0112611195
35.54204276,0.01094496535
35.56130674,0.01060134928
35.58057072,0.01005310596
35.5998347,0.009660871782
35.61909868,0.009110883686
35.63836266,0.008822899271
35.65762664,0.008683908374
35.67689062,0.008224682118
35.6961546,0.007806592471
35.71541858,0.007469547142
35.73468256,0.0071438801
35.75394654,0.006890872602
35.77321052,0.006634087694
35.7924745,0.006221268004
35.81173848,0.005830366461
35.83100246,0.005467498242
35.85026644,0.004990162093
35.86953042,0.004570867957
35.8887944,0.004200739422
35.90805838,0.003933170441
35.92732236,0.00365094842
35.94658634,0.003393561506
35.96585032,0.003078335231
35.9851143,0.002814719903
36.00437828,0.002554370566
36.02364226,0.002334456427
36.04290624,0.001996260906
36.06217022,0.001653964195
36.0814342,0.001173833189
36.10069818,0.000941380408
36.11996216,0.0007258772241
36.13922614,0.0002331337225
36.15849012,-0.0001748541225
36.1777541,-0.0004157330957
36.19701808,-0.0007535711152
36.21628206,-0.0009860385308
36.23554604,-0.001268210551
36.25481002,-0.001498923962
36.274074,-0.001804027767
36.29333798,-0.002026988835
36.31260196,-0.002126564573
36.33186594,-0.002414647187
36.35112992,-0.002607512055
36.3703939,-0.002959324681
36.38965788,-0.003122602342
36.40892186,-0.003171763749
36.42818584,-0.003154334244
36.44744982,-0.003265581659
36.4667138,-0.003411167922
36.48597778,-0.003576541215
36.50524175,-0.003740997872
36.52450573,-0.004010842342
36.54376971,-0.004324909913
36.56303369,-0.004531561063
36.58229767,-0.004880617801
36.60156165,-0.004761598827
36.62082563,-0.005058735829
36.64008961,-0.005082879729
36.65935359,-0.005054979064
36.67861757,-0.005142026427
36.69788155,-0.005293204819
36.71714553,-0.005466841819
36.73640951,-0.005655237495
36.75567349,-0.005923881553
36.77493747,-0.006196872555
36.79420145,-0.006436765711
36.81346543,-0.006712590577
36.83272941,-0.006844954607
36.85199339,-0.006963681445
36.87125737,-0.007056745198
36.89052135,-0.007096865641
36.90978533,-0.007191858154
36.92904931,-0.007328142035
36.94831329,-0.007451758936
36.96757727,-0.007609453903
36.98684125,-0.00784438902
37.00610523,-0.008049174032
37.02536921,-0.008194213156
37.04463319,-0.008325185181
37.06389717,-0.008286816965
37.08316115,-0.008144362199
37.10242513,-0.007835401993
37.12168911,-0.007551374758
37.14095309,-0.007447938536
37.16021707,-0.007306978625
37.17948105,-0.007205936959
37.19874503,-0.007101094163
37.21800901,-0.007016830567
37.23727299,-0.006860392991
37.25653697,-0.006642063266
37.27580095,-0.006279784441
37.29506493,-0.005792466684
37.31432891,-0.005190740212
37.33359289,-0.004634288318
37.35285687,-0.004141661446
37.37212085,-0.003694383038
37.39138483,-0.003235286588
37.41064881,-0.002758510357
37.42991279,-0.002343766277
37.44917677,-0.002046757685
37.46844075,-0.001749925195
37.48770473,-0.001301682447
37.50696871,-0.0007939658768
37.52623269,-0.0004174236467
37.54549667,-0.0001078308973
37.56476064,0.0001871913803
37.58402462,0.0003255545428
37.6032886,0.0004338699448
37.62255258,0.0005952702856
37.64181656,0.0007376105453
37.66108054,0.0007918611343
37.68034452,0.0008862963415
37.6996085,0.0009292259574
37.71887248,0.0009870142258
37.73813646,0.001063011676
37.75740044,0.001019129938
37.77666442,0.0008784182301
37.7959284,0.0006306851748
37.81519238,0.0003147569808
37.83445636,1.062937853e-005
37.85372034,-0.0002904756669
37.87298432,-0.0005602313953
37.8922483,-0.0007914271305
37.91151228,-0.001004073943
37.93077626,-0.001219416328
37.95004024,-0.001448326557
37.96930422,-0.00178633823
37.9885682,-0.002284719682
38.00783218,-0.002862538193
38.02709616,-0.003592665284
38.04636014,-0.004352231433
38.06562412,-0.005098377008
38.0848881,-0.005847714795
38.10415208,-0.006534214083
38.12341606,-0.007175649564
38.14268004,-0.007878841095
38.16194402,-0.008661338971
38.181208,-0.009260250042
38.20047198,-0.009869032313
38.21973596,-0.01057919056
38.23899994,-0.01134540053
38.25826392,-0.0121541114
38.2775279,-0.01315618194
38.29679188,-0.01408114052
38.31605586,-0.01489719447
38.33531984,-0.0158241735
38.35458382,-0.01660828954
38.3738478,-0.01739996865
38.39311178,-0.01823831089
38.41237576,-0.01913989739
38.43163974,-0.01997446191
38.45090372,-0.02101236493
38.4701677,-0.0218260836
38.48943168,-0.02264753476
38.50869566,-0.02343384802
38.52795964,-0.02422282906
38.54722362,-0.02493547333
38.5664876,-0.02557617678
38.58575158,-0.02610401881
38.60501556,-0.02652319009
38.62427953,-0.02692271256
38.64354351,-0.0273788913
38.66280749,-0.02785483291
38.68207147,-0.02835851231
38.70133545,-0.028843925
38.72059943,-0.02935370266
38.73986341,-0.02991571138
38.75912739,-0.03040809776
38.77839137,-0.03082795496
38.79765535,-0.03120051162
38.81691933,-0.03154734032
38.83618331,-0.03183469177
38.85544729,-0.03207501906
38.87471127,-0.03228470858
38.89397525,-0.03245116145
38.91323923,-0.03257623317
38.93250321,-0.03266174099
38.95176719,-0.03274117948
38.97103117,-0.03286086366
38.99029515,-0.03297236798
39.00955913,-0.03307194549
39.02882311,-0.03309014605
39.04808709,-0.03306566326
39.06735107,-0.03300385895
39.08661505,-0.03291310921
39.10587903,-0.03276057483
39.12514301,-0.03256089917
39.14440699,-0.03236824786
39.16367097,-0.03224634217
39.18293495,-0.03220335137
39.20219893,-0.03217456912
39.22146291,-0.03211262329
39.24072689,-0.03204641875
39.25999087,-0.03196468208
39.27925485,-0.03178068884
39.29851883,-0.03143861522
39.31778281,-0.03096751077
39.33704679,-0.03047992794
39.35631077,-0.03005967442
39.37557475,-0.02964864032
39.39483873,-0.02920873395
39.41410271,-0.02888753271
39.43336669,-0.02867865793
39.45263067,-0.02844072215
39.47189465,-0.02811853207
39.49115863,-0.02772365283
39.51042261,-0.02724212622
39.52968659,-0.02669352057
39.54895057,-0.02608809553
39.56821455,-0.0254467815
39.58747853,-0.02483690504
39.60674251,-0.02430495044
39.62600649,-0.02380386545
39.64527047,-0.02335051074
39.66453445,-0.02297968604
39.68379842,-0.02265169517
39.7030624,-0.02226005356
39.72232638,-0.02180690002
39.74159036,-0.02129787099
39.76085434,-0.02074235967
39.78011832,-0.02016518632
39.7993823,-0.01957430614
39.81864628,-0.01901286596
39.83791026,-0.01854949558
39.85717424,-0.01821021567
39.87643822,-0.01793859786
39.8957022,-0.01769968663
39.91496618,-0.01750556218
39.93423016,-0.01732885469
39.95349414,-0.01712188043
39.97275812,-0.01687148814
39.9920221,-0.01658780172
40.01128608,-0.01629187545
40.03055006,-0.0160101313
40.04981404,-0.01569945781
40.06907802,-0.01536391492
40.088342,-0.01509783802
40.10760598,-0.01489035072
40.12686996,-0.01480066139
40.14613394,-0.01477082764
40.16539792,-0.01471569121
40.1846619,-0.01465610011
40.20392588,-0.01455735351
40.22318986,-0.01441288395
40.24245384,-0.01423628285
40.26171782,-0.01408888728
40.2809818,-0.01390306385
40.30024578,-0.01365528026
40.31950976,-0.01342021015
40.33877374,-0.01322731484
40.35803772,-0.013108211
40.3773017,-0.01306052527
40.39656568,-0.01304933621
40.41582966,-0.01298144452
40.43509364,-0.01286001418
40.45435762,-0.01268989263
40.4736216,-0.01246729587
40.49288558,-0.0121697044
40.51214956,-0.01185344833
40.53141354,-0.01147910348
40.55067752,-0.0110544048
40.5699415,-0.0106739682
40.58920548,-0.01034531176
40.60846946,-0.01005900212
40.62773344,-0.009781717505
40.64699742,-0.00952424975
40.6662614,-0.009249355073
40.68552538,-0.008995057073
40.70478936,-0.008739576222
40.72405333,-0.008504649041
40.74331731,-0.008235107344
40.76258129,-0.00796388943
40.78184527,-0.007653610795
40.80110925,-0.007333836675
40.82037323,-0.007037896972
40.83963721,-0.00678311236
40.85890119,-0.00656313759
40.87816517,-0.006397023468
40.89742915,-0.006273399278
40.91669313,-0.006172504113
40.93595711,-0.006119288977
40.95522109,-0.006117096626
40.97448507,-0.006142371804
40.99374905,-0.006205825883
41.01301303,-0.006280152301
41.03227701,-0.006312410132
41.05154099,-0.00629860051
41.07080497,-0.006249206077
41.09006895,-0.006227108542
41.10933293,-0.006250403639
41.12859691,-0.006324636271
41.14786089,-0.006452983849
41.16712487,-0.006650542775
41.18638885,-0.006882927403
41.20565283,-0.0071363306
41.22491681,-0.007407801078
41.24418079,-0.007709473904
41.26344477,-0.008059823176
41.28270875,-0.0083663202
41.30197273,-0.008584586611
41.32123671,-0.008815377057
41.34050069,-0.009097291212
41.35976467,-0.009411839286
41.37902865,-0.009755694122
41.39829263,-0.01016097603
41.41755661,-0.01062067886
41.43682059,-0.01111799604
41.45608457,-0.01162185802
41.47534855,-0.01210691406
41.49461253,-0.01257687312
41.51387651,-0.01313289319
41.53314049,-0.01378079267
41.55240447,-0.01427857631
41.57166845,-0.01481896962
41.59093243,-0.01541360967
41.61019641,-0.01602854438
41.62946039,-0.01661964416
41.64872437,-0.01724769797
41.66798835,-0.0179521072
41.68725233,-0.01875198713
41.70651631,-0.01955639503
41.72578029,-0.02032823615
41.74504427,-0.02107087328
41.76430825,-0.02180785791
41.78357222,-0.02253267178
41.8028362,-0.02316095677
41.82210018,-0.02374636959
41.84136416,-0.02434887288
41.86062814,-0.02495531006
41.87989212,-0.02556106644
41.8991561,-0.02609347005
41.91842008,-0.02658384226
41.93768406,-0.02710197718
41.95694804,-0.0275945859
41.97621202,-0.02799854408
41.995476,-0.02834760226
42.01473998,-0.02868809412
42.03400396,-0.02896571522
42.05326794,-0.02912623641
42.07253192,-0.02919308992
42.0917959,-0.02919792607
42.11105988,-0.02917577145
42.13032386,-0.02912222312
42.14958784,-0.02895940218
42.16885182,-0.02871100109
42.1881158,-0.02840604014
42.20737978,-0.0280315312
42.22664376,-0.02754820677
42.24590774,-0.02698383431
42.26517172,-0.02627811769
42.2844357,-0.0254422055
42.30369968,-0.02450819831
42.32296366,-0.02343566665
42.34222764,-0.02233287202
42.36149162,-0.02124165409
42.3807556,-0.02011332923
42.40001958,-0.01893172628
42.41928356,-0.01771588841
42.43854754,-0.01647119252
42.45781152,-0.01519884365
42.4770755,-0.01386357015
42.49633948,-0.01246488495
42.51560346,-0.01104527601
42.53486744,-0.009546109495
42.55413142,-0.007908143033
42.5733954,-0.006198110598
42.59265938,-0.00450489928
42.61192336,-0.002872389083
42.63118734,-0.001259624367
42.65045132,0.0003648803912
42.6697153,0.001984487078
42.68897928,0.003632424263
42.70824326,0.005256461873
42.72750724,0.006846384875
42.74677122,0.008457670596
42.7660352,0.01005387351
42.78529918,0.01167205591
42.80456316,0.01332238558
42.82382714,0.01493124397
42.84309111,0.01650181892
42.86235509,0.01801933369
42.88161907,0.01929109306
42.90088305,0.02052085526
42.92014703,0.02191908939
42.93941101,0.02327989387
42.95867499,0.02446794985
42.97793897,0.02567846287
42.99720295,0.02676683386
43.01646693,0.02774875266
43.03573091,0.0285090907
43.05499489,0.0292956742
43.07425887,0.03010476992
43.09352285,0.03074128668
43.11278683,0.03126779026
43.13205081,0.03172890128
43.15131479,0.03222209022
43.17057877,0.03256737948
43.18984275,0.03270675125
43.20910673,0.03285226852
43.22837071,0.0327596081
43.24763469,0.03250233704
43.26689867,0.03238796571
43.28616265,0.03214543237
43.30542663,0.03187105513
43.32469061,0.03161570391
43.34395459,0.03123952596
43.36321857,0.03081596056
43.38248255,0.03032327735
43.40174653,0.02973301553
43.42101051,0.02905902852
43.44027449,0.02827000704
43.45953847,0.02737943428
43.47880245,0.02640304925
43.49806643,0.0253797414
43.51733041,0.02430949146
43.53659439,0.02329723801
43.55585837,0.02215275452
43.57512235,0.02121464136
43.59438633,0.02030188046
43.61365031,0.01904357012
43.63291429,0.0176943009
43.65217827,0.01659303861
43.67144225,0.01525266208
43.69070623,0.01404587503
43.70997021,0.01265440163
43.72923419,0.01139625098
43.74849817,0.01026247778
43.76776215,0.009134180196
43.78702613,0.008129194609
43.80629011,0.007062811802
43.82555409,0.006034741572
43.84481807,0.005111992167
43.86408205,0.004278943402
43.88334603,0.003420293809
43.90261,0.002483128053
43.92187398,0.001537275946
43.94113796,0.000608691952
43.96040194,-0.0004033732029
43.97966592,-0.001261342415
43.9989299,-0.002187812587
44.01819388,-0.002999553371
44.03745786,-0.003733447435
44.05672184,-0.00436062045
44.07598582,-0.005023431104
44.0952498,-0.005605423624
44.11451378,-0.006182420694
44.13377776,-0.006864591289
44.15304174,-0.0076273055
44.17230572,-0.008348059639
44.1915697,-0.009221633867
44.21083368,-0.009977203498
44.23009766,-0.01083582333
44.24936164,-0.01176907149
44.26862562,-0.01273704094
44.2878896,-0.01356043955
44.30715358,-0.01429935549
44.32641756,-0.01507283253
44.34568154,-0.01577941389
44.36494552,-0.01650890283
44.3842095,-0.01725814244
44.40347348,-0.01830919121
44.42273746,-0.01888691008
44.44200144,-0.01977542715
44.46126542,-0.02077407276
44.4805294,-0.02179833642
44.49979338,-0.0228115943
44.51905736,-0.02401302539
44.53832134,-0.02548527864
44.55758532,-0.02618078276
44.5768493,-0.02713021397
44.59611328,-0.02842829949
44.61537726,-0.02974671617
44.63464124,-0.03086807385
44.65390522,-0.03207569374
44.6731692,-0.03326283988
44.69243318,-0.03436074208
44.71169716,-0.03572738335
44.73096114,-0.03721018129
44.75022512,-0.03872860051
44.7694891,-0.03939942817
44.78875308,-0.04004583696
44.80801706,-0.0413294791
44.82728104,-0.04195026627
44.84654502,-0.04268830556
44.865809,-0.04289445639
44.88507298,-0.04347973608
44.90433696,-0.04361342757
44.92360094,-0.04379536779
44.94286492,-0.04420961573
44.96212889,-0.04448154411
44.98139287,-0.04513385576
45.00065685,-0.04534586382
45.01992083,-0.04554427706
45.03918481,-0.0460216675
45.05844879,-0.04599957237
45.07771277,-0.04609653449
45.09697675,-0.04611714913
45.11624073,-0.04623233028
45.13550471,-0.04613798008
45.15476869,-0.04621753108
45.17403267,-0.04637024603
45.19329665,-0.04661138376
45.21256063,-0.04649902723
45.23182461,-0.04649866996
45.25108859,-0.0462843625
45.27035257,-0.0463606508
45.28961655,-0.04602221508
45.30888053,-0.04562286547
45.32814451,-0.04518795524
45.34740849,-0.04482332663
45.36667247,-0.04411108686
45.38593645,-0.04339005042
45.40520043,-0.04277555751
45.42446441,-0.04222727907
45.44372839,-0.04200316634
45.46299237,-0.04121649777
45.48225635,-0.04062339228
45.50152033,-0.03978720198
45.52078431,-0.03899506924
45.54004829,-0.03819034297
45.55931227,-0.03728984483
45.57857625,-0.03684416873
45.59784023,-0.03568807142
45.61710421,-0.03530302109
45.63636819,-0.03477791602
45.65563217,-0.033944111
45.67489615,-0.03292645346
45.69416013,-0.03165967427
45.71342411,-0.03057931202
45.73268809,-0.02969346532
45.75195207,-0.02873897139
45.77121605,-0.02764170548
45.79048003,-0.02678899728
45.80974401,-0.02571316237
45.82900799,-0.02436168475
45.84827197,-0.02336311717
45.86753595,-0.0226624693
45.88679993,-0.02139013395
45.90606391,-0.02089146653
45.92532789,-0.01962917832
45.94459187,-0.0191677191
45.96385585,-0.01775661873
45.98311983,-0.01700001221
46.00238381,-0.01636292582
46.02164778,-0.01510588355
46.04091176,-0.014621374
46.06017574,-0.01342564706
46.07943972,-0.01159601085
46.0987037,-0.01036151528
46.11796768,-0.009636145685
46.13723166,-0.008874335068
46.15649564,-0.00788134357
46.17575962,-0.006450597782
46.1950236,-0.005395894421
46.21428758,-0.004377249119
46.23355156,-0.003037656603
46.25281554,-0.001817381783
46.27207952,-0.0003455075753
46.2913435,0.001783656937
46.31060748,0.002732682234
46.32987146,0.004382467309
46.34913544,0.005406968006
46.36839942,0.006813188053
46.3876634,0.007719173326
46.40692738,0.00868638869
46.42619136,0.01015210747
46.44545534,0.01177168285
46.46471932,0.01299003581
46.4839833,0.01431072843
46.50324728,0.01561850755
46.52251126,0.01718470854
46.54177524,0.01855033771
46.56103922,0.01978913265
46.5803032,0.02136815425
46.59956718,0.02322946681
46.61883116,0.02468332976
46.63809514,0.0261146132
46.65735912,0.02764128806
46.6766231,0.02848836376
46.69588708,0.0294745088
46.71515106,0.03044414496
46.73441504,0.03156642334
46.75367902,0.03301842118
46.772943,0.03442792465
46.79220698,0.03565630418
46.81147096,0.03681938516
46.83073494,0.03775048432
46.84999892,0.03871387845
46.8692629,0.0394659335
46.88852688,0.04022677875
46.90779086,0.04095492266
46.92705484,0.04172275893
46.94631882,0.04257200656
46.9655828,0.04325648144
46.98484678,0.04397794211
47.00411076,0.04462104473
47.02337474,0.04513983172
47.04263872,0.045369384
47.0619027,0.04556698383
47.08116667,0.04574610724
47.10043065,0.04578465697
47.11969463,0.04552908041
47.13895861,0.04534062418
47.15822259,0.04523869233
47.17748657,0.04495716001
47.19675055,0.04438429036
47.21601453,0.0439287104
47.23527851,0.04318472894
47.25454249,0.04209414327
47.27380647,0.04088167352
47.29307045,0.03928605345
47.31233443,0.03843648876
47.33159841,0.03739542925
47.35086239,0.03635148295
47.37012637,0.03498686192
47.38939035,0.03366152337
47.40865433,0.03217234913
47.42791831,0.03028563075
47.44718229,0.02848958344
47.46644627,0.02652028388
47.48571025,0.02469106173
47.50497423,0.02266158287
47.52423821,0.02100158398
47.54350219,0.01928199889
47.56276617,0.01741840998
47.58203015,0.01569171817
47.60129413,0.01373657582
47.62055811,0.01198644093
47.63982209,0.01026975527
47.65908607,0.008715658614
47.67835005,0.007143603847
47.69761403,0.005382928269
47.71687801,0.003984586118
47.73614199,0.002614083675
47.75540597,0.001212558635
47.77466995,-0.0001077323971
47.79393393,-0.0009616923659
47.81319791,-0.001869631821
47.83246189,-0.002772442194
47.85172587,-0.00378678812
47.87098985,-0.004820790839
47.89025383,-0.005820547635
47.90951781,-0.006647739451
47.92878179,-0.007127908637
47.94804577,-0.007213619627
47.96730975,-0.007350549642
47.98657373,-0.007469584957
48.00583771,-0.007593890765
48.02510169,-0.007302156665
48.04436567,-0.006729674777
48.06362965,-0.005623030759
48.08289363,-0.004911583679
48.10215761,-0.004451582169
48.12142159,-0.005612252926
48.14068556,-0.008455977122
