0,0.008948507267
0.01926574995,0.00939792247
0.0385314999,0.009950648989
0.05779724985,0.01020198417
0.0770629998,0.01017843954
0.09632874975,0.01021565886
0.1155944997,0.01031387006
0.1348602497,0.010562469
0.1541259996,0.01050005519
0.1733917496,0.01048855746
0.1926574995,0.01056959433
0.2119232495,0.01042672035
0.2311889994,0.0104579354
0.2504547494,0.01067348793
0.2697204993,0.01086588032
0.2889862493,0.01103343855
0.3082519992,0.01097394343
0.3275177492,0.01094503469
0.3467834991,0.01084426758
0.3660492491,0.0107477802
0.385314999,0.01074050658
0.404580749,0.01063958312
0.4238464989,0.01063640398
0.4431122489,0.01053399516
0.4623779988,0.01042774353
0.4816437488,0.01037252565
0.5009094987,0.0101986749
0.5201752487,0.0101161475
0.5394409986,0.01002155377
0.5587067486,0.009775385265
0.5779724985,0.009707000116
0.5972382485,0.009511790973
0.6165039984,0.009478386985
0.6357697484,0.009495017317
0.6550354983,0.009360734023
0.6743012483,0.009148503943
0.6935669982,0.008995053034
0.7128327482,0.008902862556
0.7320984981,0.00883414327
0.7513642481,0.008774468018
0.770629998,0.008829506581
0.789895748,0.008857531895
0.8091614979,0.008962511395
0.8284272479,0.009039399194
0.8476929978,0.009036475582
0.8669587478,0.008947124614
0.8862244977,0.00887575398
0.9054902477,0.008849143396
0.9247559976,0.008882559068
0.9440217476,0.008912190186
0.9632874975,0.00885760021
0.9825532475,0.008862421507
1.001818997,0.008890778547
1.021084747,0.008795803083
1.040350497,0.008813145365
1.059616247,0.008922618038
1.078881997,0.008979203407
1.098147747,0.009048577442
1.117413497,0.009087344662
1.136679247,0.008989922862
1.155944997,0.008863268462
1.175210747,0.008762163222
1.194476497,0.008745538811
1.213742247,0.008811643757
1.233007997,0.00899746581
1.252273747,0.00916324834
1.271539497,0.009399957952
1.290805247,0.009652473343
1.310070997,0.009706701892
1.329336747,0.009600168144
1.348602497,0.009538729412
1.367868246,0.009443145364
1.387133996,0.009474398619
1.406399746,0.009521973965
1.425665496,0.009599479896
1.444931246,0.009724746441
1.464196996,0.009811780609
1.483462746,0.009752859293
1.502728496,0.00959862461
1.521994246,0.009439099118
1.541259996,0.00918642787
1.560525746,0.008870838504
1.579791496,0.008569285101
1.599057246,0.008297941259
1.618322996,0.008103254762
1.637588746,0.00797084367
1.656854496,0.007868088089
1.676120246,0.007756374884
1.695385996,0.007648118659
1.714651746,0.007468991618
1.733917496,0.007174516617
1.753183245,0.00679034308
1.772448995,0.006347379122
1.791714745,0.005878558
1.810980495,0.005410743694
1.830246245,0.005012223732
1.849511995,0.004664294778
1.868777745,0.004375000455
1.888043495,0.004109202815
1.907309245,0.003891557999
1.926574995,0.003670962468
1.945840745,0.003422705434
1.965106495,0.003115038615
1.984372245,0.002702834308
2.003637995,0.002190204462
2.022903745,0.001684343964
2.042169495,0.001286226034
2.061435245,0.000876968305
2.080700995,0.0006103304826
2.099966745,0.0004013165311
2.119232495,0.0001848713551
2.138498245,-2.172418877e-005
2.157763994,-0.0002741416682
2.177029744,-0.0005463806957
2.196295494,-0.0008234942384
2.215561244,-0.001143330691
2.234826994,-0.001490673973
2.254092744,-0.001824547753
2.273358494,-0.002137907629
2.292624244,-0.002398269444
2.311889994,-0.002548335233
2.331155744,-0.002624366805
2.350421494,-0.002686723444
2.369687244,-0.002710011005
2.388952994,-0.002674043948
2.408218744,-0.002635495818
2.427484494,-0.002614983826
2.446750244,-0.00260646874
2.466015994,-0.002595907204
2.485281744,-0.002602720011
2.504547494,-0.002634617717
2.523813244,-0.002725227581
2.543078993,-0.002781511712
2.562344743,-0.002738335424
2.581610493,-0.002570343842
2.600876243,-0.002343186561
2.620141993,-0.002070094604
2.639407743,-0.001701244924
2.658673493,-0.00126668265
2.677939243,-0.0007996982483
2.697204993,-0.0003488505218
2.716470743,4.38443825e-005
2.735736493,0.0004009396828
2.755002243,0.0007181559811
2.774267993,0.0009681771058
2.793533743,0.001136978111
2.812799493,0.001274466594
2.832065243,0.001539567941
2.851330993,0.001891904887
2.870596743,0.002371205853
2.889862493,0.002870048227
2.909128243,0.003355998974
2.928393992,0.003941242835
2.947659742,0.004568653793
2.966925492,0.005184667146
2.986191242,0.005784707278
3.005456992,0.006332899568
3.024722742,0.006766148674
3.043988492,0.007102271459
3.063254242,0.007358669103
3.082519992,0.007603093399
3.101785742,0.007800863422
3.121051492,0.008092048858
3.140317242,0.008523067585
3.159582992,0.009022800019
3.178848742,0.009532612962
3.198114492,0.01004240323
3.217380242,0.01060596837
3.236645992,0.01118546232
3.255911742,0.01172932374
3.275177492,0.01215950458
3.294443242,0.01248336922
3.313708991,0.01272735089
3.332974741,0.01291443419
3.352240491,0.01303591451
3.371506241,0.01309810609
3.390771991,0.01314097146
3.410037741,0.01326073421
3.429303491,0.01341659303
3.448569241,0.01359130126
3.467834991,0.01377467693
3.487100741,0.01398923193
3.506366491,0.01422610069
3.525632241,0.01453383383
3.544897991,0.01472090332
3.564163741,0.01489129496
3.583429491,0.01501318026
3.602695241,0.01509559744
3.621960991,0.01516947308
3.641226741,0.01519265888
3.660492491,0.01516306596
3.679758241,0.01513845871
3.69902399,0.01509584086
3.71828974,0.0151484404
3.73755549,0.01522368753
3.75682124,0.01536492323
3.77608699,0.01554526349
3.79535274,0.01569950667
3.81461849,0.01581284655
3.83388424,0.01594787054
3.85314999,0.01601659365
3.87241574,0.01599193576
3.89168149,0.01588913405
3.91094724,0.01576146863
3.93021299,0.01559042427
3.94947874,0.01543704004
3.96874449,0.01524018188
3.98801024,0.01514242248
4.00727599,0.01502766239
4.02654174,0.01500830825
4.04580749,0.01487686276
4.06507324,0.01479846933
4.08433899,0.01475214486
4.103604739,0.0147075445
4.122870489,0.0145787078
4.142136239,0.0144055202
4.161401989,0.01424350233
4.180667739,0.01404339023
4.199933489,0.01384087908
4.219199239,0.01360500266
4.238464989,0.01339125729
4.257730739,0.0131942647
4.276996489,0.01303809612
4.296262239,0.01287982535
4.315527989,0.01273916538
4.334793739,0.01258956804
4.354059489,0.01237762872
4.373325239,0.01213401609
4.392590989,0.01186015494
4.411856739,0.01157546339
4.431122489,0.01133863216
4.450388239,0.01110966646
4.469653989,0.01090949559
4.488919738,0.01059316181
4.508185488,0.01023370028
4.527451238,0.009951360747
4.546716988,0.009661992277
4.565982738,0.009396472301
4.585248488,0.009069827418
4.604514238,0.008774752256
4.623779988,0.008476553976
4.643045738,0.008115227481
4.662311488,0.007814108991
4.681577238,0.007496856283
4.700842988,0.007206816979
4.720108738,0.0068242362
4.739374488,0.00645070611
4.758640238,0.00608841157
4.777905988,0.00571901554
4.797171738,0.005291408171
4.816437488,0.004814209899
4.835703238,0.004356072272
4.854968988,0.003951874819
4.874234737,0.003571254657
4.893500487,0.003213842765
4.912766237,0.0028593799
4.932031987,0.002496045833
4.951297737,0.002152347659
4.970563487,0.001796115894
4.989829237,0.001366290103
5.009094987,0.0009094292874
5.028360737,0.0005071535651
5.047626487,0.0001353633599
5.066892237,-0.0003033985093
5.086157987,-0.0008438032212
5.105423737,-0.001329953137
5.124689487,-0.001720504114
5.143955237,-0.0020532231
5.163220987,-0.002388660765
5.182486737,-0.002749413997
5.201752487,-0.003099182325
5.221018237,-0.003453698947
5.240283987,-0.003889061682
5.259549736,-0.004351978843
5.278815486,-0.004860673205
5.298081236,-0.00536357862
5.317346986,-0.0058743526
5.336612736,-0.006358979822
5.355878486,-0.00685968962
5.375144236,-0.007383530941
5.394409986,-0.00789474372
5.413675736,-0.008345163861
5.432941486,-0.008735699219
5.452207236,-0.009170263128
5.471472986,-0.009599839303
5.490738736,-0.009993758073
5.510004486,-0.01045362082
5.529270236,-0.01093974476
5.548535986,-0.0114789113
5.567801736,-0.01204218934
5.587067486,-0.01258388272
5.606333236,-0.01309514458
5.625598986,-0.0136031745
5.644864735,-0.01405775947
5.664130485,-0.01444904743
5.683396235,-0.01486657571
5.702661985,-0.0152171079
5.721927735,-0.01552845846
5.741193485,-0.01588983936
5.760459235,-0.01631467003
5.779724985,-0.01675181338
5.798990735,-0.01727629543
5.818256485,-0.01772073282
5.837522235,-0.01809613729
5.856787985,-0.01859263128
5.876053735,-0.0189064024
5.895319485,-0.01930243517
5.914585235,-0.01963118561
5.933850985,-0.01992850755
5.953116735,-0.02022099724
5.972382485,-0.02052733878
5.991648235,-0.02077019925
6.010913985,-0.02098169826
6.030179734,-0.02120544162
6.049445484,-0.02146079002
6.068711234,-0.02171819102
6.087976984,-0.02198027158
6.107242734,-0.02218931156
6.126508484,-0.02239953702
6.145774234,-0.02260659457
6.165039984,-0.02282576513
6.184305734,-0.02311181495
6.203571484,-0.02339168151
6.222837234,-0.02363644804
6.242102984,-0.02386746156
6.261368734,-0.02409726425
6.280634484,-0.02427309721
6.299900234,-0.02442793269
6.319165984,-0.02456195919
6.338431734,-0.0246839593
6.357697484,-0.02477802143
6.376963234,-0.02488053681
6.396228984,-0.02499464351
6.415494734,-0.02513510849
6.434760483,-0.02529972959
6.454026233,-0.02549236506
6.473291983,-0.02563547672
6.492557733,-0.02570919324
6.511823483,-0.02567535562
6.531089233,-0.02564657695
6.550354983,-0.02560908897
6.569620733,-0.02559611069
6.588886483,-0.02557296218
6.608152233,-0.02559273071
6.627417983,-0.0256229191
6.646683733,-0.02570266303
6.665949483,-0.02582886298
6.685215233,-0.02593958543
6.704480983,-0.02598022324
6.723746733,-0.02588081226
6.743012483,-0.02578555428
6.762278233,-0.02568708387
6.781543983,-0.0254902488
6.800809733,-0.02531645018
6.820075482,-0.02524818749
6.839341232,-0.02527171604
6.858606982,-0.02525137718
6.877872732,-0.02523925915
6.897138482,-0.02519562293
6.916404232,-0.025235768
6.935669982,-0.02515072442
6.954935732,-0.02497305742
6.974201482,-0.02475237953
6.993467232,-0.02449824477
7.012732982,-0.02421998421
7.031998732,-0.02395505939
7.051264482,-0.02370020321
7.070530232,-0.02354650123
7.089795982,-0.02346159707
7.109061732,-0.02344945386
7.128327482,-0.02347012336
7.147593232,-0.02350000586
7.166858982,-0.02352014757
7.186124732,-0.02344861617
7.205390481,-0.02329287853
7.224656231,-0.023040876
7.243921981,-0.02277997723
7.263187731,-0.02251764362
7.282453481,-0.0222186356
7.301719231,-0.02190123814
7.320984981,-0.02161258939
7.340250731,-0.02133776913
7.359516481,-0.02112210377
7.378782231,-0.02103347684
7.398047981,-0.0209273099
7.417313731,-0.02078369195
7.436579481,-0.02062902437
7.455845231,-0.02040303029
7.475110981,-0.02014297525
7.494376731,-0.01982842946
7.513642481,-0.01947776472
7.532908231,-0.01913855075
7.552173981,-0.01886630608
7.571439731,-0.01856731808
7.59070548,-0.0182409357
7.60997123,-0.01797528387
7.62923698,-0.01775350552
7.64850273,-0.01744749351
7.66776848,-0.0170925548
7.68703423,-0.01673698699
7.70629998,-0.01639437749
7.72556573,-0.0160359041
7.74483148,-0.0156283111
7.76409723,-0.01517764038
7.78336298,-0.01471811265
7.80262873,-0.01427016329
7.82189448,-0.01378219412
7.84116023,-0.0132483978
7.86042598,-0.01272582127
7.87969173,-0.01220692322
7.89895748,-0.01158681745
7.91822323,-0.01091464268
7.93748898,-0.01021817274
7.95675473,-0.009531687668
7.976020479,-0.00887039915
7.995286229,-0.00812236098
8.014551979,-0.007307406638
8.033817729,-0.006546711142
8.053083479,-0.005867820198
8.072349229,-0.005165827185
8.091614979,-0.004371893825
8.110880729,-0.00354977442
8.130146479,-0.002812187325
8.149412229,-0.002093068545
8.168677979,-0.001316785737
8.187943729,-0.0005193736594
8.207209479,0.0002852281602
8.226475229,0.001244746608
8.245740979,0.002009907735
8.265006729,0.002817896827
8.284272479,0.00358561969
8.303538229,0.00424470046
8.322803979,0.004843374313
8.342069729,0.005426128059
8.361335479,0.005981061772
8.380601228,0.006580075848
8.399866978,0.007189374248
8.419132728,0.007749832029
8.438398478,0.008341394551
8.457664228,0.00896323992
8.476929978,0.009511024021
8.496195728,0.009965830553
8.515461478,0.01037638893
8.534727228,0.01070186927
8.553992978,0.01099413929
8.573258728,0.01126467883
8.592524478,0.01146580656
8.611790228,0.01164555707
8.631055978,0.01180938955
8.650321728,0.0119415457
8.669587478,0.0120631266
8.688853228,0.01223489651
8.708118978,0.01234442213
8.727384728,0.01234981975
8.746650478,0.01235430381
8.765916227,0.01236052687
8.785181977,0.01225463697
8.804447727,0.01209703035
8.823713477,0.0118629009
8.842979227,0.01150024702
8.862244977,0.01114333061
8.881510727,0.01078063238
8.900776477,0.01039160367
8.920042227,0.009956131158
8.939307977,0.009476907753
8.958573727,0.008879712921
8.977839477,0.008183859471
8.997105227,0.007390059177
9.016370977,0.006498934695
9.035636727,0.005522773054
9.054902477,0.004437878825
9.074168227,0.003213704914
9.093433977,0.001873494868
9.112699727,0.000492191803
9.131965477,-0.0009242170459
9.151231226,-0.002449130482
9.170496976,-0.004066370144
9.189762726,-0.005795194783
9.209028476,-0.007620543659
9.228294226,-0.009509716822
9.247559976,-0.01145796473
9.266825726,-0.0134626664
9.286091476,-0.01550098489
9.305357226,-0.01757055963
9.324622976,-0.01975814835
9.343888726,-0.02197926803
9.363154476,-0.02407398931
9.382420226,-0.02603002336
9.401685976,-0.0279128995
9.420951726,-0.02974421989
9.440217476,-0.03159854355
9.459483226,-0.03343517466
9.478748976,-0.03514372264
9.498014726,-0.03678002358
9.517280476,-0.03829682444
9.536546225,-0.03972095374
9.555811975,-0.04103186047
9.575077725,-0.04224001919
9.594343475,-0.0432826611
9.613609225,-0.04424721551
9.632874975,-0.04495934475
9.652140725,-0.04554443603
9.671406475,-0.04596708611
9.690672225,-0.04653947426
9.709937975,-0.04695617659
9.729203725,-0.04727634213
9.748469475,-0.04757045066
9.767735225,-0.04785806144
9.787000975,-0.04818763091
9.806266725,-0.04852078887
9.825532475,-0.04882993865
9.844798225,-0.04909875132
9.864063975,-0.04932209458
9.883329725,-0.04942231715
9.902595475,-0.04938225238
9.921861224,-0.04929280435
9.941126974,-0.04931139472
9.960392724,-0.04942277967
9.979658474,-0.0496158928
9.998924224,-0.0498692247
10.01818997,-0.05021032367
10.03745572,-0.05067219852
10.05672147,-0.05120536008
10.07598722,-0.0517741745
10.09525297,-0.05234538427
10.11451872,-0.05286500253
10.13378447,-0.05329436164
10.15305022,-0.05363879946
10.17231597,-0.05394597053
10.19158172,-0.05432542331
10.21084747,-0.05481807375
10.23011322,-0.05535830415
10.24937897,-0.05589611265
10.26864472,-0.05649102316
10.28791047,-0.05718570922
10.30717622,-0.05797361831
10.32644197,-0.05877122217
10.34570772,-0.0595169324
10.36497347,-0.06021661019
10.38423922,-0.06080405707
10.40350497,-0.06126686821
10.42277072,-0.06167121558
10.44203647,-0.06206769079
10.46130222,-0.06255066349
10.48056797,-0.06312793096
10.49983372,-0.06369310231
10.51909947,-0.06427356003
10.53836522,-0.06485784227
10.55763097,-0.06552816621
10.57689672,-0.0662456153
10.59616247,-0.06702163989
10.61542822,-0.0677435728
10.63469397,-0.06841157566
10.65395972,-0.06908970432
10.67322547,-0.06977810948
10.69249122,-0.0705145575
10.71175697,-0.07113544024
10.73102272,-0.07167925891
10.75028847,-0.07224709715
10.76955422,-0.07284727243
10.78881997,-0.0735499984
10.80808572,-0.07444848311
10.82735147,-0.07535449274
10.84661722,-0.07616309825
10.86588297,-0.07686933972
10.88514872,-0.07742099185
10.90441447,-0.0779210982
10.92368022,-0.07842723727
10.94294597,-0.07888745046
10.96221172,-0.07930019179
10.98147747,-0.07952866883
11.00074322,-0.07973038749
11.02000897,-0.07996352675
11.03927472,-0.08015633224
11.05854047,-0.08028159523
11.07780622,-0.08029398981
11.09707197,-0.0801627099
11.11633772,-0.07990859279
11.13560347,-0.0795131426
11.15486922,-0.07897479251
11.17413497,-0.07836334149
11.19340072,-0.07776267364
11.21266647,-0.07712191008
11.23193222,-0.07640585196
11.25119797,-0.07562832142
11.27046372,-0.07483071977
11.28972947,-0.07392352106
11.30899522,-0.07287283976
11.32826097,-0.07181450174
11.34752672,-0.07072395687
11.36679247,-0.06950798156
11.38605822,-0.0681423402
11.40532397,-0.06668309006
11.42458972,-0.06519379336
11.44385547,-0.06373774707
11.46312122,-0.06229486457
11.48238697,-0.06068092333
11.50165272,-0.05913932192
11.52091847,-0.05755953056
11.54018422,-0.05603125545
11.55944997,-0.05439581127
11.57871572,-0.05270021021
11.59798147,-0.05091475524
11.61724722,-0.04894647351
11.63651297,-0.04692488664
11.65577872,-0.04478039225
11.67504447,-0.04250093064
11.69431022,-0.04014319775
11.71357597,-0.03770365645
11.73284172,-0.03507296435
11.75210747,-0.03230000239
11.77137322,-0.02945559894
11.79063897,-0.02649796545
11.80990472,-0.02329474703
11.82917047,-0.01986527749
11.84843622,-0.01627633509
11.86770197,-0.0125924562
11.88696772,-0.008599812082
11.90623347,-0.004246756474
11.92549922,0.0006207167368
11.94476497,0.00545951631
11.96403072,0.01045150292
11.98329647,0.01557751661
12.00256222,0.02085554875
12.02182797,0.02627798111
12.04109372,0.03195809051
12.06035947,0.03825386663
12.07962522,0.04439170105
12.09889097,0.05151148467
12.11815672,0.05876874494
12.13742247,0.06666026512
12.15668822,0.07451185371
12.17595397,0.08240259128
12.19521972,0.09041496229
12.21448547,0.09859354845
12.23375122,0.1065611036
12.25301697,0.11538555
12.27228272,0.1240200938
12.29154847,0.1330583548
12.31081422,0.1439173404
12.33007997,0.1550350919
12.34934572,0.1673042598
12.36861147,0.17961665
12.38787722,0.1922613768
12.40714297,0.205707151
12.42640872,0.2185757964
12.44567447,0.2317727841
12.46494022,0.2461213399
12.48420597,0.2592346413
12.50347172,0.2716155459
12.52273747,0.2862229056
12.54200322,0.3003951294
12.56126897,0.3136970467
12.58053472,0.3265582818
12.59980047,0.3391484651
12.61906622,0.3509294925
12.63833197,0.3623787552
12.65759772,0.3737504706
12.67686347,0.3848063812
12.69612922,0.3956658242
12.71539497,0.4071626572
12.73466072,0.4183659219
12.75392647,0.4314778743
12.77319222,0.4431921822
12.79245797,0.4549938403
12.81172372,0.4652682691
12.83098947,0.4753097124
12.85025522,0.4843471538
12.86952097,0.4931391031
12.88878672,0.5012542328
12.90805247,0.5096417404
12.92731822,0.5174379955
12.94658397,0.5248452991
12.96584972,0.5314287926
12.98511547,0.5362331924
13.00438122,0.5400135373
13.02364697,0.54251285
13.04291272,0.5441136278
13.06217847,0.5446759922
13.08144422,0.5441644867
13.10070997,0.5427152754
13.11997572,0.5402519396
13.13924147,0.5369832232
13.15850722,0.5319486233
13.17777297,0.525907833
13.19703872,0.5184410311
13.21630447,0.5101232252
13.23557022,0.5009186783
13.25483597,0.4889114807
13.27410172,0.4759771486
13.29336747,0.4619714671
13.31263322,0.4452045801
13.33189897,0.4279122803
13.35116472,0.4095169134
13.37043047,0.3899446834
13.38969622,0.3692806292
13.40896197,0.3474641391
13.42822772,0.3247207541
13.44749347,0.3008184597
13.46675922,0.2749094126
13.48602497,0.2472903063
13.50529072,0.2197274266
13.52455647,0.1922898126
13.54382222,0.1641587811
13.56308797,0.1352643269
13.58235372,0.1062511001
13.60161947,0.07713835742
13.62088521,0.04782245422
13.64015096,0.01751936072
13.65941671,-0.01230473638
13.67868246,-0.04118908651
13.69794821,-0.07276225662
13.71721396,-0.1010791876
13.73647971,-0.1293529698
13.75574546,-0.1574834074
13.77501121,-0.1862024634
13.79427696,-0.2139275104
13.81354271,-0.2404365203
13.83280846,-0.2655695032
13.85207421,-0.2900712749
13.87133996,-0.3139055991
13.89060571,-0.3358321659
13.90987146,-0.3564443309
13.92913721,-0.3762340403
13.94840296,-0.3951439399
13.96766871,-0.4145842654
13.98693446,-0.4339181582
14.00620021,-0.4508025915
14.02546596,-0.4657125923
14.04473171,-0.4808356815
14.06399746,-0.4952571972
14.08326321,-0.5084091837
14.10252896,-0.5193421236
14.12179471,-0.5293945482
14.14106046,-0.5388802545
14.16032621,-0.5470334224
14.17959196,-0.5541481061
14.19885771,-0.5602875535
14.21812346,-0.5659195987
14.23738921,-0.5701126859
14.25665496,-0.5730498321
14.27592071,-0.5751101186
14.29518646,-0.575954609
14.31445221,-0.5758504692
14.33371796,-0.5748267023
14.35298371,-0.5726575094
14.37224946,-0.5697381541
14.39151521,-0.5658765485
14.41078096,-0.5612166656
14.43004671,-0.5558116346
14.44931246,-0.5496828834
14.46857821,-0.5431499238
14.48784396,-0.5353488445
14.50710971,-0.5272255067
14.52637546,-0.5193779264
14.54564121,-0.5102382631
14.56490696,-0.500295629
14.58417271,-0.4905120822
14.60343846,-0.4796738178
14.62270421,-0.4687710613
14.64196996,-0.4578607655
14.66123571,-0.447003024
14.68050146,-0.4353922663
14.69976721,-0.4239832152
14.71903296,-0.412512645
14.73829871,-0.400506327
14.75756446,-0.3883973921
14.77683021,-0.3757367062
14.79609596,-0.3632365856
14.81536171,-0.3514346768
14.83462746,-0.3408862824
14.85389321,-0.3288510895
14.87315896,-0.317359509
14.89242471,-0.3058191654
14.91169046,-0.2943249546
14.93095621,-0.2832196098
14.95022196,-0.2732181186
14.96948771,-0.2634717246
14.98875346,-0.2539552015
15.00801921,-0.244555829
15.02728496,-0.2353802615
15.04655071,-0.2259330288
15.06581646,-0.2167659674
15.08508221,-0.2077471543
15.10434796,-0.1984201837
15.12361371,-0.1895077065
15.14287946,-0.1810107147
15.16214521,-0.172186183
15.18141096,-0.1640312857
15.20067671,-0.1553666609
15.21994246,-0.1463349959
15.23920821,-0.1380100294
15.25847396,-0.1291233084
15.27773971,-0.1207151508
15.29700546,-0.1124563816
15.31627121,-0.1045365622
15.33553696,-0.09682271341
15.35480271,-0.0888974864
15.37406846,-0.08095952452
15.39333421,-0.07311015511
15.41259996,-0.06530895818
15.43186571,-0.05806211352
15.45113146,-0.05147283312
15.47039721,-0.043995278
15.48966296,-0.03717666314
15.50892871,-0.03064043834
15.52819446,-0.02397619518
15.54746021,-0.01701679282
15.56672596,-0.01050432271
15.58599171,-0.004628836413
15.60525746,0.0007158729775
15.62452321,0.005988822018
15.64378896,0.01125330128
15.66305471,0.0165258877
15.68232046,0.02192830683
15.70158621,0.02671274405
15.72085196,0.03158883054
15.74011771,0.03628354889
15.75938346,0.04054673564
15.77864921,0.04463987549
15.79791496,0.04850750719
15.81718071,0.05240355552
15.83644646,0.05615505082
15.85571221,0.06016121111
15.87497796,0.06417250479
15.89424371,0.06787774302
15.91350946,0.07144987392
15.93277521,0.07496653791
15.95204096,0.07866414895
15.97130671,0.08181847329
15.99057246,0.0848470084
16.00983821,0.08760482031
16.02910396,0.09031970767
16.04836971,0.09295659419
16.06763546,0.09526317572
16.08690121,0.09742817208
16.10616696,0.09955987624
16.12543271,0.1015612663
16.14469846,0.1034075091
16.16396421,0.1051533935
16.18322996,0.1068087812
16.20249571,0.1084490946
16.22176146,0.1097880856
16.24102721,0.1109395094
16.26029296,0.1120063227
16.27955871,0.112921075
16.29882446,0.1137065651
16.31809021,0.1142419009
16.33735596,0.1146316862
16.35662171,0.1150800099
16.37588746,0.1153666728
16.39515321,0.1154907267
16.41441896,0.1155191324
16.43368471,0.1153280558
16.45295046,0.1149764701
16.47221621,0.1145461772
16.49148196,0.1139555633
16.51074771,0.1132864093
16.53001346,0.1124523961
16.54927921,0.1114735308
16.56854496,0.1104165742
16.58781071,0.1091512091
16.60707646,0.1078535413
16.62634221,0.1065787876
16.64560796,0.1051034458
16.66487371,0.1034550511
16.68413946,0.1017917091
16.70340521,0.1000796081
16.72267096,0.09813910806
16.74193671,0.0961832513
16.76120246,0.09367670339
16.78046821,0.09158959021
16.79973396,0.08959399962
16.81899971,0.08749992366
16.83826546,0.0855004529
16.85753121,0.0835554708
16.87679696,0.08173607741
16.89606271,0.07987758187
16.91532846,0.07806304351
16.93459421,0.07628794128
16.95385996,0.07457358253
16.97312571,0.07293985679
16.99239146,0.07136304569
17.01165721,0.06980650654
17.03092296,0.06839970604
17.05018871,0.06713527685
17.06945446,0.06594258329
17.08872021,0.06484264087
17.10798596,0.06384076257
17.12725171,0.06300025022
17.14651746,0.06224611102
17.16578321,0.06156103815
17.18504896,0.0608512342
17.20431471,0.06026226306
17.22358046,0.05966460116
17.24284621,0.05907965495
17.26211196,0.0584772976
17.28137771,0.05793311924
17.30064346,0.05743787288
17.31990921,0.05700252981
17.33917496,0.05661110551
17.35844071,0.05631138149
17.37770646,0.05602038547
17.39697221,0.05570928401
17.41623796,0.05533611469
17.43550371,0.05493036442
17.45476946,0.05444864221
17.47403521,0.05394566327
17.49330096,0.05346947532
17.5125667,0.05297326917
17.53183245,0.05254495285
17.5510982,0.05220920091
17.57036395,0.05192326233
17.5896297,0.05173134292
17.60889545,0.05152133705
17.6281612,0.05126573873
17.64742695,0.050957644
17.6666927,0.05067244428
17.68595845,0.05044911528
17.7052242,0.05021663629
17.72448995,0.04992192015
17.7437557,0.04962670684
17.76302145,0.04935270347
17.7822872,0.04905417839
17.80155295,0.0487501355
17.8208187,0.04833900134
17.84008445,0.04795587952
17.8593502,0.04757436117
17.87861595,0.04715170645
17.8978817,0.04683941006
17.91714745,0.04660937747
17.9364132,0.04636227601
17.95567895,0.04608046977
17.9749447,0.04571944227
17.99421045,0.04526901254
18.0134762,0.044755912
18.03274195,0.04421181954
18.0520077,0.04356161592
18.07127345,0.04281531539
18.0905392,0.04187230507
18.10980495,0.04085826251
18.1290707,0.03981648801
18.14833645,0.03878080105
18.1676022,0.03781176838
18.18686795,0.03697923874
18.2061337,0.03598718004
18.22539945,0.03508247704
18.2446652,0.03410456788
18.26393095,0.03304042188
18.2831967,0.03190413144
18.30246245,0.03064546083
18.3217282,0.02932217947
18.34099395,0.02791596768
18.3602597,0.02637778915
18.37952545,0.02494290128
18.3987912,0.02356973269
18.41805695,0.02231720821
18.4373227,0.0211294447
18.45658845,0.02005019399
18.4758542,0.01916753165
18.49511995,0.01837636096
18.5143857,0.01758086139
18.53365145,0.01669760897
18.5529172,0.01584500677
18.57218295,0.01502498395
18.5914487,0.01422220068
18.61071445,0.01343836435
18.6299802,0.01269211932
18.64924595,0.01203476637
18.6685117,0.01158066058
18.68777745,0.01128544218
18.7070432,0.01118590048
18.72630895,0.01122327386
18.7455747,0.01134457105
18.76484045,0.01149541497
18.7841062,0.01165459915
18.80337195,0.01194501067
18.8226377,0.01225947782
18.84190345,0.01260830664
18.8611692,0.01292712301
18.88043495,0.01333370196
18.8997007,0.0138597495
18.91896645,0.01454262159
18.9382322,0.01532136873
18.95749795,0.01613924559
18.9767637,0.01711147171
18.99602945,0.01828076726
19.0152952,0.01951326135
19.03456095,0.02074028985
19.0538267,0.02182597996
19.07309245,0.02277568426
19.0923582,0.02372440956
19.11162395,0.02469659314
19.1308897,0.02569611491
19.15015545,0.02680805216
19.1694212,0.02801731993
19.18868695,0.02928062469
19.2079527,0.03061916582
19.22721845,0.03204638792
19.2464842,0.03348622717
19.26574995,0.03487674715
19.2850157,0.03619392803
19.30428145,0.03746489717
19.3235472,0.03873418797
19.34281295,0.03994170954
19.3620787,0.04111543645
19.38134445,0.04234911976
19.4006102,0.04357570514
19.41987595,0.04486133998
19.4391417,0.04617200091
19.45840745,0.04743662515
19.4776732,0.04874348352
19.49693895,0.05007848221
19.5162047,0.05141926664
19.53547045,0.05265356559
19.5547362,0.05374115594
19.57400195,0.05479478785
19.5932677,0.05578252341
19.61253345,0.05668687021
19.6317992,0.05759072117
19.65106495,0.05852400305
19.6703307,0.059501851
19.68959645,0.0604870941
19.7088622,0.06146228846
19.72812795,0.06242488749
19.7473937,0.06332243216
19.76665945,0.06409660622
19.7859252,0.06473076279
19.80519095,0.06525824611
19.8244567,0.06576240705
19.84372245,0.06621341023
19.8629882,0.06662150665
19.88225395,0.06702985716
19.9015197,0.06750263528
19.92078545,0.06802773037
19.9400512,0.06853022447
19.95931695,0.06897510682
19.9785827,0.06935580888
19.99784845,0.06967336632
20.0171142,0.06989078112
20.03637995,0.06998702369
20.0556457,0.07001866983
20.07491145,0.07002780773
20.0941772,0.06998426949
20.11344295,0.06988708183
20.1327087,0.0697609717
20.15197445,0.06962152801
20.1712402,0.06951113891
20.19050595,0.06937910745
20.2097717,0.06923462294
20.22903745,0.06902566673
20.2483032,0.06876540477
20.26756895,0.06845765743
20.2868347,0.0680505604
20.30610045,0.06751429317
20.3253662,0.0669037773
20.34463195,0.06627220634
20.3638977,0.06554393872
20.38316345,0.06474428213
20.4024292,0.06393443927
20.42169495,0.06312828699
20.4409607,0.0623477146
20.46022645,0.06162045242
20.4794922,0.06096360053
20.49875795,0.06036553833
20.5180237,0.05979025342
20.53728945,0.05917286658
20.5565552,0.05850431891
20.57582095,0.05785388888
20.5950867,0.05725155696
20.61435245,0.05661524126
20.6336182,0.0559475169
20.65288395,0.05537003443
20.6721497,0.05493137428
20.69141545,0.0545401292
20.7106812,0.05420622946
20.72994695,0.05400822128
20.7492127,0.05390840337
20.76847845,0.05386914511
20.7877442,0.05387200326
20.80700995,0.05389879837
20.8262757,0.05393468519
20.84554145,0.05406729366
20.8648072,0.05424893436
20.88407295,0.05445127965
20.9033387,0.05473415638
20.92260445,0.05509246626
20.9418702,0.05546165488
20.96113595,0.05589040518
20.9804017,0.05636299777
20.99966745,0.05686855611
21.0189332,0.05738702273
21.03819895,0.05787172234
21.0574647,0.05832786706
21.07673045,0.0587789812
21.0959962,0.05929009976
21.11526195,0.05988907026
21.1345277,0.06044417459
21.15379345,0.06094524924
21.1730592,0.06138036383
21.19232495,0.0617386058
21.2115907,0.06207897637
21.23085645,0.06243016565
21.2501222,0.06275117286
21.26938795,0.06302234975
21.2886537,0.06320516825
21.30791945,0.06323681549
21.3271852,0.06313963115
21.34645095,0.06297078826
21.3657167,0.06271381909
21.38498245,0.06234325844
21.40424819,0.0618297414
21.42351394,0.06123471254
21.44277969,0.06061071775
21.46204544,0.05995842813
21.48131119,0.05929762009
21.50057694,0.05855228434
21.51984269,0.0576752793
21.53910844,0.05664049964
21.55837419,0.05545167739
21.57763994,0.05413039573
21.59690569,0.05267568959
21.61617144,0.05110798761
21.63543719,0.04948197136
21.65470294,0.04772775678
21.67396869,0.04591615941
21.69323444,0.04405283253
21.71250019,0.0422463384
21.73176594,0.0404161597
21.75103169,0.03856565721
21.77029744,0.0366749301
21.78956319,0.03465456433
21.80882894,0.03250443765
21.82809469,0.03025324713
21.84736044,0.02797448543
21.86662619,0.02562739312
21.88589194,0.02321519504
21.90515769,0.02079472419
21.92442344,0.01838107687
21.94368919,0.01593979606
21.96295494,0.01355587937
21.98222069,0.01124474239
22.00148644,0.008940488468
22.02075219,0.006612771039
22.04001794,0.004282023542
22.05928369,0.001944627828
22.07854944,-0.0003995438337
22.09781519,-0.002751726517
22.11708094,-0.005134754014
22.13634669,-0.007566067993
22.15561244,-0.009975431845
22.17487819,-0.01236844152
22.19414394,-0.01465251337
22.21340969,-0.01676696461
22.23267544,-0.01876363946
22.25194119,-0.02064023943
22.27120694,-0.02241261727
22.29047269,-0.0240875567
22.30973844,-0.02567417725
22.32900419,-0.02723541775
22.34826994,-0.0287803911
22.36753569,-0.03034073012
22.38680144,-0.03186444199
22.40606719,-0.03329222642
22.42533294,-0.03457381084
22.44459869,-0.03567455426
22.46386444,-0.03663215741
22.48313019,-0.03745584486
22.50239594,-0.03817614055
22.52166169,-0.03882087315
22.54092744,-0.03941941121
22.56019319,-0.03995250626
22.57945894,-0.04044638385
22.59872469,-0.04091113906
22.61799044,-0.04133847359
22.63725619,-0.04169789001
22.65652194,-0.04195621628
22.67578769,-0.04205819212
22.69505344,-0.04201130841
22.71431919,-0.04189926432
22.73358494,-0.04174241667
22.75285069,-0.04153010763
22.77211644,-0.041283837
22.79138219,-0.04104283763
22.81064794,-0.0408221247
22.82991369,-0.04058338601
22.84917944,-0.04025991231
22.86844519,-0.03985265664
22.88771094,-0.03941307102
22.90697669,-0.03895740032
22.92624244,-0.03840456204
22.94550819,-0.03775265816
22.96477394,-0.03703753241
22.98403969,-0.03630797706
23.00330544,-0.03558713661
23.02257119,-0.03488061323
23.04183694,-0.03421919243
23.06110269,-0.03359008881
23.08036844,-0.03297091326
23.09963419,-0.0323376284
23.11889994,-0.03167176209
23.13816569,-0.03099824313
23.15743144,-0.03036791787
23.17669719,-0.02972928382
23.19596294,-0.02904735975
23.21522869,-0.02831423139
23.23449444,-0.02753987819
23.25376019,-0.0267327669
23.27302594,-0.0259461632
23.29229169,-0.02523176767
23.31155744,-0.0246786215
23.33082319,-0.02421065131
23.35008894,-0.02383229344
23.36935469,-0.02351652202
23.38862044,-0.02321508701
23.40788619,-0.02293877333
23.42715194,-0.02259777634
23.44641769,-0.02218790553
23.46568344,-0.02172979874
23.48494919,-0.02120068705
23.50421494,-0.02058294548
23.52348069,-0.01992343043
23.54274644,-0.01935227279
23.56201219,-0.0189224968
23.58127794,-0.01856335491
23.60054369,-0.01823931989
23.61980944,-0.01793690887
23.63907519,-0.017640217
23.65834094,-0.01734261254
23.67760669,-0.01695549114
23.69687244,-0.01642969892
23.71613819,-0.01581496469
23.73540394,-0.01515808562
23.75466969,-0.01450673918
23.77393544,-0.01384985801
23.79320119,-0.013181528
23.81246694,-0.01260428297
23.83173269,-0.01205900606
23.85099844,-0.01152237759
23.87026419,-0.01102949188
23.88952994,-0.01057773145
23.90879569,-0.01016650944
23.92806144,-0.009677499567
23.94732719,-0.009108397964
23.96659294,-0.008507035006
23.98585869,-0.007880453146
24.00512444,-0.007227349583
24.02439019,-0.006561154874
24.04365594,-0.005920254821
24.06292169,-0.005325178996
24.08218744,-0.004783531187
24.10145319,-0.00427275131
24.12071894,-0.003802003053
24.13998469,-0.003416660461
24.15925044,-0.003114879619
24.17851619,-0.002800448544
24.19778194,-0.002403095491
24.21704769,-0.001986245529
24.23631344,-0.001567440136
24.25557919,-0.001098736408
24.27484494,-0.0005978938787
24.29411069,-0.0001336349514
24.31337644,0.0002343655431
24.33264219,0.0005254313797
24.35190794,0.0007713100593
24.37117369,0.0009677239247
24.39043944,0.001057590591
24.40970519,0.001086616377
24.42897094,0.001156324346
24.44823669,0.001323562678
24.46750244,0.001512382984
24.48676819,0.001684108025
24.50603394,0.001844709218
24.52529969,0.002014764803
24.54456544,0.002098044006
24.56383119,0.002029787044
24.58309694,0.001849058183
24.60236269,0.001641796538
24.62162844,0.00141699887
24.64089419,0.001104389138
24.66015994,0.0007215724454
24.67942569,0.0003611043905
24.69869144,4.639175365e-005
24.71795719,-0.0002597785019
24.73722294,-0.0006049575541
24.75648869,-0.0009870369104
24.77575444,-0.001380581288
24.79502019,-0.001806113632
24.81428594,-0.002364886916
24.83355169,-0.003000945548
24.85281744,-0.003697827311
24.87208319,-0.004451084822
24.89134894,-0.005273149992
24.91061469,-0.006139077132
24.92988044,-0.006982689553
24.94914619,-0.007768847395
24.96841194,-0.008517056139
24.98767769,-0.009281379396
25.00694344,-0.01007758207
25.02620919,-0.01086905784
25.04547494,-0.01167472564
25.06474069,-0.01252157773
25.08400644,-0.01339287898
25.10327219,-0.01434134864
25.12253794,-0.01531515192
25.14180369,-0.01633812851
25.16106944,-0.0174084711
25.18033519,-0.01846164793
25.19960094,-0.01948039342
25.21886669,-0.02047726139
25.23813244,-0.02144570165
25.25739819,-0.02240935902
25.27666394,-0.02333555007
25.29592968,-0.02427353465
25.31519543,-0.02525511323
25.33446118,-0.0262871488
25.35372693,-0.02731939415
25.37299268,-0.02841507705
25.39225843,-0.02953828811
25.41152418,-0.03063685511
25.43078993,-0.03166456325
25.45005568,-0.03262423455
25.46932143,-0.03349851926
25.48858718,-0.03427283287
25.50785293,-0.0349746257
25.52711868,-0.03562501242
25.54638443,-0.03622117738
25.56565018,-0.03684908149
25.58491593,-0.03747802428
25.60418168,-0.0380634632
25.62344743,-0.03862948169
25.64271318,-0.03918532917
25.66197893,-0.039666794
25.68124468,-0.04004246996
25.70051043,-0.04035570802
25.71977618,-0.04061097624
25.73904193,-0.04081325644
25.75830768,-0.0409325052
25.77757343,-0.04101289941
25.79683918,-0.04109802576
25.81610493,-0.04118477433
25.83537068,-0.04130789965
25.85463643,-0.04142702679
25.87390218,-0.04156823721
25.89316793,-0.0417339819
25.91243368,-0.04189654497
25.93169943,-0.04199563849
25.95096518,-0.04203027291
25.97023093,-0.04206383632
25.98949668,-0.04211294714
26.00876243,-0.04210298217
26.02802818,-0.04201292232
26.04729393,-0.04194765981
26.06655968,-0.04189908578
26.08582543,-0.04189474248
26.10509118,-0.04197293307
26.12435693,-0.04209051263
26.14362268,-0.04226405774
26.16288843,-0.04244916576
26.18215418,-0.04258171839
26.20141993,-0.04265508399
26.22068568,-0.04270532469
26.23995143,-0.04275366076
26.25921718,-0.04278953331
26.27848293,-0.04282812445
26.29774868,-0.04283446012
26.31701443,-0.04291038855
26.33628018,-0.04307334921
26.35554593,-0.04326075491
26.37481168,-0.04345283794
26.39407743,-0.04364852239
26.41334318,-0.04376136113
26.43260893,-0.04379150251
26.45187468,-0.04371863569
26.47114043,-0.04362045021
26.49040618,-0.0435123043
26.50967193,-0.04342492408
26.52893768,-0.04333521259
26.54820343,-0.04328516128
26.56746918,-0.04330226532
26.58673493,-0.04340241099
26.60600068,-0.04353975401
26.62526643,-0.04373745348
26.64453218,-0.04392751005
26.66379793,-0.0440956899
26.68306368,-0.04422723708
26.70232943,-0.04426152678
26.72159518,-0.04423885411
26.74086093,-0.0442215016
26.76012668,-0.04418324637
26.77939243,-0.04409231957
26.79865818,-0.044093298
26.81792393,-0.04421663373
26.83718968,-0.04439589597
26.85645543,-0.04458798145
26.87572118,-0.04479514303
26.89498693,-0.04505756447
26.91425268,-0.04532960643
26.93351843,-0.04553879191
26.95278418,-0.0457329402
26.97204993,-0.04595706741
26.99131568,-0.04616585911
27.01058143,-0.04629237241
27.02984718,-0.04635431325
27.04911293,-0.04635003898
27.06837868,-0.04643604765
27.08764443,-0.04665254706
27.10691018,-0.04694223537
27.12617593,-0.04728866252
27.14544168,-0.04766303578
27.16470743,-0.04804033554
27.18397318,-0.04835782727
27.20323893,-0.0485755279
27.22250468,-0.04871097428
27.24177043,-0.04887529199
27.26103618,-0.04901167195
27.28030193,-0.04903849328
27.29956768,-0.04901978114
27.31883343,-0.04902471061
27.33809918,-0.04910120485
27.35736493,-0.04922810833
27.37663068,-0.04935534383
27.39589643,-0.04947144146
27.41516218,-0.04948122399
27.43442793,-0.04933855861
27.45369368,-0.04911399115
27.47295943,-0.04897563757
27.49222518,-0.04884049823
27.51149093,-0.04864586664
27.53075668,-0.04846885124
27.55002243,-0.04834275494
27.56928818,-0.04819522566
27.58855393,-0.04809263282
27.60781968,-0.04795373687
27.62708543,-0.04785575486
27.64635118,-0.04776371532
27.66561693,-0.04763250189
27.68488268,-0.04741372989
27.70414843,-0.04722092979
27.72341418,-0.04708087619
27.74267993,-0.04689389501
27.76194568,-0.0466907227
27.78121143,-0.04651134182
27.80047718,-0.04638368303
27.81974293,-0.04628872023
27.83900868,-0.0462303918
27.85827443,-0.0461612415
27.87754018,-0.04607294514
27.89680593,-0.04599597222
27.91607168,-0.04589603699
27.93533743,-0.04574063912
27.95460318,-0.04553114333
27.97386893,-0.04524599632
27.99313468,-0.04489653256
28.01240043,-0.04445716435
28.03166618,-0.04392937407
28.05093193,-0.04333955727
28.07019768,-0.04277542357
28.08946343,-0.04221297738
28.10872918,-0.04167573294
28.12799493,-0.04118392467
28.14726068,-0.04069480426
28.16652643,-0.04011580969
28.18579218,-0.03941395244
28.20505793,-0.0386338438
28.22432368,-0.03774807714
28.24358943,-0.0367494347
28.26285518,-0.03568024815
28.28212093,-0.03452910397
28.30138668,-0.0333475627
28.32065243,-0.03224808134
28.33991818,-0.0312195058
28.35918393,-0.03026584135
28.37844968,-0.02938932083
28.39771543,-0.0285558348
28.41698118,-0.02773394442
28.43624693,-0.02688274998
28.45551268,-0.02593612216
28.47477843,-0.02494750829
28.49404418,-0.02391906899
28.51330993,-0.02285476771
28.53257568,-0.02174354854
28.55184143,-0.02066008349
28.57110718,-0.0196156574
28.59037293,-0.01864731973
28.60963868,-0.01774443066
28.62890443,-0.01693130441
28.64817018,-0.01616247586
28.66743593,-0.01535380348
28.68670168,-0.01457864017
28.70596743,-0.01377043999
28.72523318,-0.01291361607
28.74449893,-0.01207671817
28.76376468,-0.01122019604
28.78303043,-0.0103560662
28.80229618,-0.0095245206
28.82156193,-0.008836570121
28.84082768,-0.008303149324
28.86009343,-0.007868413786
28.87935918,-0.00749622931
28.89862493,-0.007168607753
28.91789068,-0.006909703486
28.93715643,-0.00663945386
28.95642218,-0.006319723192
28.97568793,-0.005993089008
28.99495368,-0.005661230615
29.01421943,-0.005328214587
29.03348518,-0.004908581625
29.05275093,-0.004443896594
29.07201668,-0.004067341759
29.09128243,-0.003804469344
29.11054818,-0.003474478929
29.12981393,-0.00324016989
29.14907968,-0.003072615939
29.16834543,-0.002946026545
29.18761117,-0.002799093323
29.20687692,-0.002620779253
29.22614267,-0.002391680977
29.24540842,-0.00211554689
29.26467417,-0.001781324571
29.28393992,-0.001373522256
29.30320567,-0.0009727180016
29.32247142,-0.0006029840063
29.34173717,-0.0002421877668
29.36100292,8.805018828e-005
29.38026867,0.0003990977102
29.39953442,0.0005709205668
29.41880017,0.0007367741409
29.43806592,0.0008889864582
29.45733167,0.001056771979
29.47659742,0.001121897286
29.49586317,0.001123666778
29.51512892,0.00123098168
29.53439467,0.001435868355
29.55366042,0.001557654885
29.57292617,0.001479954831
29.59219192,0.001268731247
29.61145767,0.001070503609
29.63072342,0.0009876653496
29.64998917,0.0009145772486
29.66925492,0.0008041062437
29.68852067,0.0006728799154
29.70778642,0.0004194613706
29.72705217,0.0001447224397
29.74631792,1.643323724e-005
29.76558367,-7.285077668e-005
29.78484942,-0.0001484082861
29.80411517,-0.0003779663559
29.82338092,-0.0005872272911
29.84264667,-0.0009342630729
29.86191242,-0.001166410243
29.88117817,-0.001443229412
29.90044392,-0.001729450588
29.91970967,-0.001969814152
29.93897542,-0.0021840559
29.95824117,-0.002328134676
29.97750692,-0.002359138721
29.99677267,-0.002264860553
30.01603842,-0.00212431734
30.03530417,-0.002070403903
30.05456992,-0.002049958305
30.07383567,-0.002061383457
30.09310142,-0.00208987734
30.11236717,-0.002205310892
30.13163292,-0.002410438857
30.15089867,-0.002593488495
30.17016442,-0.002835714468
30.18943017,-0.003045149323
30.20869592,-0.003206280968
30.22796167,-0.003382154812
30.24722742,-0.003434177737
30.26649317,-0.003489380211
30.28575892,-0.003595628161
30.30502467,-0.003722213845
30.32429042,-0.003798828743
30.34355617,-0.003879906161
30.36282192,-0.004037682108
30.38208767,-0.004339813208
30.40135342,-0.004686410498
30.42061917,-0.005092282321
30.43988492,-0.005472893748
30.45915067,-0.005861595764
30.47841642,-0.006250075082
30.49768217,-0.006577732955
30.51694792,-0.006824634943
30.53621367,-0.00699999534
30.55547942,-0.007147711518
30.57474517,-0.007318906407
30.59401092,-0.007521466978
30.61327667,-0.007702784473
30.63254242,-0.007910510312
30.65180817,-0.00821589498
30.67107392,-0.008591654677
30.69033967,-0.008988761254
30.70960542,-0.009401289601
30.72887117,-0.009786199784
30.74813692,-0.01010372956
30.76740267,-0.01031471625
30.78666842,-0.01044952266
30.80593417,-0.01058336722
30.82519992,-0.01067542325
30.84446567,-0.01073294451
30.86373142,-0.01084339213
30.88299717,-0.01097858054
30.90226292,-0.01108083428
30.92152867,-0.01115645265
30.94079442,-0.0112014606
30.96006017,-0.01121770307
30.97932592,-0.0111152952
30.99859167,-0.01095930005
31.01785742,-0.01075312036
31.03712317,-0.01052778819
31.05638892,-0.01024325911
31.07565467,-0.009868632952
31.09492042,-0.009484709681
31.11418617,-0.009116132984
31.13345192,-0.008791733302
31.15271767,-0.008457015702
31.17198342,-0.008091189215
31.19124917,-0.007727883082
31.21051492,-0.007312169679
31.22978067,-0.006788555044
31.24904642,-0.00618383833
31.26831217,-0.005543093742
31.28757792,-0.004918330385
31.30684367,-0.004322796033
31.32610942,-0.003716909236
31.34537517,-0.003156792619
31.36464092,-0.002711144674
31.38390667,-0.002322844867
31.40317242,-0.001947553447
31.42243817,-0.001610170271
31.44170392,-0.001305715218
31.46096967,-0.0009638025058
31.48023542,-0.0005534028809
31.49950117,-0.00015761296
31.51876692,0.0002115409759
31.53803267,0.0005751436482
31.55729842,0.0009108277697
31.57656417,0.001180215276
31.59582992,0.001355569067
31.61509567,0.00153462828
31.63436142,0.001727547042
31.65362717,0.001839585209
31.67289292,0.001857185336
31.69215867,0.001834842473
31.71142442,0.001902350745
31.73069017,0.002035483036
31.74995592,0.002187718944
31.76922167,0.002431709411
31.78848742,0.002760590458
31.80775317,0.003086047866
31.82701892,0.003312868198
31.84628467,0.003475456789
31.86555042,0.003613667202
31.88481617,0.003715881179
31.90408192,0.003722554916
31.92334767,0.003670508847
31.94261342,0.003597377335
31.96187917,0.003548471887
31.98114492,0.003531312269
32.00041067,0.003607104497
32.01967642,0.003799608509
32.03894217,0.004056221906
32.05820792,0.00427465376
32.07747367,0.004405603306
32.09673942,0.00446335924
32.11600517,0.004471949611
32.13527092,0.004385555716
32.15453667,0.004240497259
32.17380242,0.004096706249
32.19306817,0.003939370193
32.21233392,0.003826044044
32.23159967,0.003803159292
32.25086542,0.003794010371
32.27013117,0.003821402344
32.28939692,0.003850829224
32.30866267,0.003805457566
32.32792842,0.003720685417
32.34719417,0.003649495145
32.36645992,0.003558078126
32.38572567,0.003415806471
32.40499142,0.003228703091
32.42425717,0.002964587411
32.44352292,0.002679600749
32.46278867,0.002379393595
32.48205442,0.002080851936
32.50132017,0.001837454627
32.52058592,0.001672676099
32.53985167,0.001501533461
32.55911742,0.001317616654
32.57838317,0.001081584002
32.59764892,0.0008069033095
32.61691467,0.0005409815422
32.63618042,0.0002852434158
32.65544617,-9.278049909e-006
32.67471192,-0.0003670174858
32.69397767,-0.0007507316755
32.71324342,-0.001058582639
32.73250917,-0.001331760055
32.75177492,-0.001598118732
32.77104067,-0.001803679373
32.79030642,-0.001952264268
32.80957217,-0.002075615306
32.82883792,-0.002193856061
32.84810367,-0.002343539297
32.86736942,-0.002477811534
32.88663517,-0.002603555391
32.90590092,-0.002739878729
32.92516667,-0.002842404611
32.94443242,-0.002929495056
32.96369817,-0.002916980672
32.98296392,-0.002790167345
33.00222967,-0.002628303355
33.02149542,-0.002410454265
33.04076117,-0.002152424659
33.06002692,-0.001905885119
33.07929266,-0.001726642851
33.09855841,-0.001621705865
33.11782416,-0.001560975002
33.13708991,-0.001473686614
33.15635566,-0.00137949516
33.17562141,-0.001295942882
33.19488716,-0.001182466184
33.21415291,-0.000971269589
33.23341866,-0.0006414063726
33.25268441,-0.0002721816828
33.27195016,0.0001058419171
33.29121591,0.0004947968101
33.31048166,0.0008515180591
33.32974741,0.001192750826
33.34901316,0.001487071959
33.36827891,0.001758028966
33.38754466,0.002018762685
33.40681041,0.00219714594
33.42607616,0.002328977502
33.44534191,0.002473881993
33.46460766,0.002668417323
33.48387341,0.002966842433
33.50313916,0.003349099209
33.52240491,0.003761925668
33.54167066,0.004255996414
33.56093641,0.004793380788
33.58020216,0.005312256787
33.59946791,0.005796353946
33.61873366,0.006223840231
33.63799941,0.006597225838
33.65726516,0.006922960494
33.67653091,0.007171587666
33.69579666,0.007387588433
33.71506241,0.007611403336
33.73432816,0.007929027347
33.75359391,0.008325194397
33.77285966,0.008720869256
33.79212541,0.009128420652
33.81139116,0.009564715705
33.83065691,0.009987836407
33.84992266,0.01036629966
33.86918841,0.01062740701
33.88845416,0.01080993079
33.90771991,0.01093914689
33.92698566,0.01099238104
33.94625141,0.01096575153
33.96551716,0.01097114105
33.98478291,0.01105329375
34.00404866,0.0111981403
34.02331441,0.01134429054
34.04258016,0.01150867606
34.06184591,0.01172194423
34.08111166,0.01191778044
34.10037741,0.01204937685
34.11964316,0.01214609898
34.13890891,0.01219325974
34.15817466,0.0121958246
34.17744041,0.01222165582
34.19670616,0.01221816039
34.21597191,0.01223192014
34.23523766,0.01232915593
34.25450341,0.01243980504
34.27376916,0.01256615527
34.29303491,0.01269671389
34.31230066,0.01286398454
34.33156641,0.0130568831
34.35083216,0.01319728934
34.37009791,0.01325471969
34.38936366,0.01326761761
34.40862941,0.01337785059
34.42789516,0.01349862376
34.44716091,0.01354703089
34.46642666,0.01378801738
34.48569241,0.01400097431
34.50495816,0.01444844158
34.52422391,0.01471975286
34.54348966,0.01494190777
34.56275541,0.01521730128
34.58202116,0.01535752282
34.60128691,0.01558753253
34.62055266,0.01588079035
34.63981841,0.01640005672
34.65908416,0.01676773287
34.67834991,0.01711790895
34.69761566,0.01744836528
34.71688141,0.01766790194
34.73614716,0.01784546861
34.75541291,0.01803171992
34.77467866,0.0182422186
34.79394441,0.01841613245
34.81321016,0.01851429328
34.83247591,0.01864022763
34.85174166,0.01876711245
34.87100741,0.01894004396
34.89027316,0.01911189059
34.90953891,0.01924576164
34.92880466,0.01930472362
34.94807041,0.01937366093
34.96733616,0.01946747253
34.98660191,0.0195906036
35.00586766,0.01970601362
35.02513341,0.01982405903
35.04439916,0.01992055737
35.06366491,0.02004856106
35.08293066,0.02022648852
35.10219641,0.02040719799
35.12146216,0.02060202356
35.14072791,0.02082429758
35.15999366,0.02096715079
35.17925941,0.02103803594
35.19852516,0.02103700584
35.21779091,0.02096397268
35.23705666,0.02084267189
35.25632241,0.02069645889
35.27558816,0.02067317995
35.29485391,0.02048549811
35.31411966,0.02056335439
35.33338541,0.02054052329
35.35265116,0.02053865951
35.37191691,0.02057265657
35.39118266,0.02062551798
35.41044841,0.02057805603
35.42971416,0.02047144415
35.44897991,0.0203468643
35.46824566,0.02014249686
35.48751141,0.01996430045
35.50677716,0.01988475537
35.52604291,0.01968669683
35.54530866,0.01952683156
35.56457441,0.019345998
35.58384016,0.01913908067
35.60310591,0.01891640729
35.62237166,0.01877574218
35.64163741,0.01873805817
35.66090316,0.01864659362
35.68016891,0.01844059186
35.69943466,0.01817031724
35.71870041,0.01781902569
35.73796616,0.01750114928
35.75723191,0.01718729557
35.77649766,0.01690858913
35.79576341,0.01664714804
35.81502916,0.01644172466
35.83429491,0.0162863924
35.85356066,0.01613262919
35.87282641,0.01600148217
35.89209216,0.01588419396
35.91135791,0.0157130541
35.93062366,0.01543148667
35.94988941,0.015058287
35.96915516,0.01469418707
35.98842091,0.01441642857
36.00768666,0.01419770162
36.02695241,0.01401054272
36.04621816,0.01389022088
36.06548391,0.01379933734
36.08474966,0.01371888758
36.10401541,0.01356954473
36.12328116,0.0134287165
36.14254691,0.01332370292
36.16181266,0.01315617918
36.18107841,0.01288119994
36.20034416,0.01269441522
36.21960991,0.01241086101
36.23887566,0.01221870684
36.25814141,0.01210077615
36.27740716,0.01200098251
36.29667291,0.01188570739
36.31593866,0.01204086634
36.33520441,0.0119019749
36.35447016,0.01173659331
36.37373591,0.01148077192
36.39300166,0.01130427818
36.41226741,0.01105319726
36.43153316,0.01080176685
36.45079891,0.01063982304
36.47006466,0.01051910514
36.48933041,0.01036052745
36.50859616,0.01013746385
36.52786191,0.01000290451
36.54712766,0.009731006472
36.56639341,0.009681148863
36.58565916,0.009539378447
36.60492491,0.009444567563
36.62419066,0.009238779488
36.64345641,0.009015241296
36.66272216,0.008821467971
36.68198791,0.008611734333
36.70125366,0.008392261794
36.72051941,0.008389873789
36.73978516,0.008281428617
36.75905091,0.00833923473
36.77831666,0.008441181465
36.79758241,0.008513882977
36.81684816,0.008536078207
36.83611391,0.008529151234
36.85537966,0.008482986718
36.87464541,0.008409052096
36.89391116,0.008317337548
36.91317691,0.008242651177
36.93244266,0.008172675131
36.95170841,0.008037274331
36.97097415,0.008000269317
36.9902399,0.007995233882
37.00950565,0.0080439487
37.0287714,0.008134115292
37.04803715,0.008253647334
37.0673029,0.008425382275
37.08656865,0.008642764033
37.1058344,0.00891017193
37.12510015,0.009236258265
37.1443659,0.009616834231
37.16363165,0.01004545351
37.1828974,0.01050120467
37.20216315,0.0109525365
37.2214289,0.01137351564
37.24069465,0.0117422692
37.2599604,0.01211124122
37.27922615,0.01250512732
37.2984919,0.01294074472
37.31775765,0.01336856995
37.3370234,0.01381561912
37.35628915,0.01431471176
37.3755549,0.01487035619
37.39482065,0.01545677395
37.4140864,0.01605837465
37.43335215,0.01663409712
37.4526179,0.01709690828
37.47188365,0.0174596625
37.4911494,0.01775243166
37.51041515,0.01799360998
37.5296809,0.01824179826
37.54894665,0.01847977789
37.5682124,0.01872157686
37.58747815,0.01893277949
37.6067439,0.01916861495
37.62600965,0.01941728374
37.6452754,0.01961724816
37.66454115,0.01975619283
37.6838069,0.01987789271
37.70307265,0.01993458881
37.7223384,0.01987273389
37.74160415,0.01973512871
37.7608699,0.01959251266
37.78013565,0.01947868303
37.7994014,0.01936786819
37.81866715,0.01923869863
37.8379329,0.01910641165
37.85719865,0.01895987026
37.8764644,0.01871351975
37.89573015,0.01825084914
37.9149959,0.01768589031
37.93426165,0.01719153199
37.9535274,0.016594931
37.97279315,0.01603351089
37.9920589,0.01536936219
38.01132465,0.01482815104
38.0305904,0.01432978094
38.04985615,0.01385778313
38.0691219,0.01336142416
38.08838765,0.01267043816
38.1076534,0.01218363147
38.12691915,0.01125645299
38.1461849,0.0101776993
38.16545065,0.009095947645
38.1847164,0.008031306354
38.20398215,0.007041668055
38.2232479,0.00615259431
38.24251365,0.005346078304
38.2617794,0.004607333142
38.28104515,0.003928316622
38.3003109,0.003238806439
38.31957665,0.002517042807
38.3388424,0.00172794753
38.35810815,0.00091251902
38.3773739,9.162718044e-005
38.39663965,-0.0007427636059
38.4159054,-0.00152566906
38.43517115,-0.002302503342
38.4544369,-0.003099983154
38.47370265,-0.003895689477
38.4929684,-0.00461631645
38.51223415,-0.00525974268
38.5314999,-0.005870696822
38.55076565,-0.006460563757
38.5700314,-0.006983445108
38.58929715,-0.007507578607
38.6085629,-0.008010575792
38.62782865,-0.008518803339
38.6470944,-0.009013184363
38.66636015,-0.009456228685
38.6856259,-0.009906357679
38.70489165,-0.01039336817
38.7241574,-0.01089084899
38.74342315,-0.01133187026
38.7626889,-0.01167590962
38.78195465,-0.01198308229
38.8012204,-0.01229388626
38.82048615,-0.01249247024
38.8397519,-0.01259541113
38.85901765,-0.01264841725
38.8782834,-0.01273814788
38.89754915,-0.01284890687
38.9168149,-0.01288598193
38.93608065,-0.0129359425
38.9553464,-0.01304268969
38.97461215,-0.01315733808
38.9938779,-0.01320430811
39.01314365,-0.01322128747
39.0324094,-0.01321990414
39.05167515,-0.01317120576
39.0709409,-0.0130501771
39.09020665,-0.01285277527
39.1094724,-0.01261579846
39.12873815,-0.01236957369
39.1480039,-0.01203725515
39.16726965,-0.01163407284
39.1865354,-0.01134101686
39.20580115,-0.01115149391
39.2250669,-0.01094707256
39.24433265,-0.01071612557
39.2635984,-0.01048344052
39.28286415,-0.01018334084
39.3021299,-0.009762481064
39.32139565,-0.00931726908
39.3406614,-0.008679514852
39.35992715,-0.008090646107
39.3791929,-0.007446967428
39.39845865,-0.006830957945
39.4177244,-0.005960382879
39.43699015,-0.005278875672
39.4562559,-0.004843672826
39.47552165,-0.004262464002
39.4947874,-0.003593862265
39.51405315,-0.002939467445
39.5333189,-0.002309443338
39.55258465,-0.001791443868
39.5718504,-0.001203437307
39.59111615,-0.0006862494662
39.6103819,-0.0002613573749
39.62964765,0.0002836703678
39.6489134,0.0009072817001
39.66817915,0.001553264274
39.6874449,0.002174103219
39.70671065,0.002760610346
39.7259764,0.003365628057
39.74524215,0.003934999076
39.7645079,0.004466559605
39.78377365,0.004978919906
39.8030394,0.005405623845
39.82230515,0.005830679905
39.8415709,0.006317537777
39.86083665,0.006710678149
39.8801024,0.007077265179
39.89936815,0.007466093959
39.9186339,0.007845940864
39.93789965,0.008158262222
39.9571654,0.008455208459
39.97643115,0.008733187583
39.9956969,0.009063360969
40.01496265,0.009397676677
40.0342284,0.009688640131
40.05349415,0.00993051902
40.0727599,0.01016282382
40.09202565,0.01039565856
40.1112914,0.01058113694
40.13055715,0.01072267251
40.1498229,0.01088471208
40.16908865,0.01104556137
40.1883544,0.01112299986
40.20762015,0.01114141654
40.2268859,0.0111829525
40.24615165,0.01126579197
40.2654174,0.01140022127
40.28468315,0.01156394994
40.3039489,0.01174050902
40.32321465,0.01197529836
40.3424804,0.01226184184
40.36174615,0.01262923324
40.3810119,0.01295468546
40.40027765,0.01317260264
40.4195434,0.01335558617
40.43880915,0.01348679472
40.4580749,0.01350389478
40.47734065,0.01350660349
40.4966064,0.01353567176
40.51587215,0.01360328205
40.5351379,0.01374831229
40.55440365,0.01404144235
40.5736694,0.01429289388
40.59293515,0.01467913709
40.6122009,0.01500703529
40.63146665,0.015299199
40.6507324,0.01557070028
40.66999815,0.01590475548
40.6892639,0.01613122286
40.70852965,0.01623225038
40.7277954,0.01627780756
40.74706115,0.01629327894
40.7663269,0.01628435537
40.78559265,0.01625764849
40.8048584,0.01622918364
40.82412415,0.01625294334
40.8433899,0.0163246313
40.86265564,0.01644665504
40.88192139,0.0166099205
40.90118714,0.01677516135
40.92045289,0.01684254114
40.93971864,0.01675603403
40.95898439,0.01657237199
40.97825014,0.01632391193
40.99751589,0.01600836666
41.01678164,0.01564062429
41.03604739,0.01525189982
41.05531314,0.01493160554
41.07457889,0.01472258583
41.09384464,0.01453088639
41.11311039,0.01434491959
41.13237614,0.01412795911
41.15164189,0.01386665759
41.17090764,0.01349164805
41.19017339,0.01299126122
41.20943914,0.01245516937
41.22870489,0.01190307503
41.24797064,0.01132697806
41.26723639,0.01076151321
41.28650214,0.01024818881
41.30576789,0.009831022421
41.32503364,0.009389913367
41.34429939,0.008897392402
41.36356514,0.008455426729
41.38283089,0.007996024413
41.40209664,0.00742983314
41.42136239,0.006742298727
41.44062814,0.006004698467
41.45989389,0.005274405498
41.47915964,0.004570206849
41.49842539,0.003833220096
41.51769114,0.003015834011
41.53695689,0.002431613745
41.55622264,0.001738273268
41.57548839,0.001128923895
41.59475414,0.0005024580503
41.61401989,-1.092686177e-005
41.63328564,-0.0005805094651
41.65255139,-0.00123230383
41.67181714,-0.00196551147
41.69108289,-0.002728524531
41.71034864,-0.003447387715
41.72961439,-0.004177168971
41.74888014,-0.004932639037
41.76814589,-0.00563963799
41.78741164,-0.006254080308
41.80667739,-0.006801493217
41.82594314,-0.007331445819
41.84520889,-0.007822666584
41.86447464,-0.00825601667
41.88374039,-0.008729061562
41.90300614,-0.009232120804
41.92227189,-0.009644512708
41.94153764,-0.009919706186
41.96080339,-0.01008357322
41.98006914,-0.01023734201
41.99933489,-0.01037703675
42.01860064,-0.01043737924
42.03786639,-0.01043718646
42.05713214,-0.01035928581
42.07639789,-0.01015002022
42.09566364,-0.009784514271
42.11492939,-0.009294192186
42.13419514,-0.008778329146
42.15346089,-0.008289398246
42.17272664,-0.007806186914
42.19199239,-0.007261696653
42.21125814,-0.006625541712
42.23052389,-0.0059277669
42.24978964,-0.005206852441
42.26905539,-0.004450378839
42.28832114,-0.003576332409
42.30758689,-0.002556450161
42.32685264,-0.001406472804
42.34611839,-0.0001110446973
42.36538414,0.001294802459
42.38464989,0.002691634843
42.40391564,0.004014107294
42.42318139,0.005221157141
42.44244714,0.00643495797
42.46171289,0.007673011582
42.48097864,0.008912109579
42.50024439,0.0102011629
42.51951014,0.01154485242
42.53877589,0.01291076128
42.55804164,0.0143546719
42.57730739,0.0158084826
42.59657314,0.01735913734
42.61583889,0.01884217324
42.63510464,0.02028387418
42.65437039,0.02166016998
42.67363614,0.02305414603
42.69290189,0.02443794646
42.71216764,0.02582292973
42.73143339,0.0272315657
42.75069914,0.02866849793
42.76996489,0.03004793109
42.78923064,0.03135999813
42.80849639,0.03264248026
42.82776214,0.03392823836
42.84702789,0.03520250084
42.86629364,0.03645518029
42.88555939,0.03767081584
42.90482514,0.0387684421
42.92409089,0.03977711619
42.94335664,0.04076931887
42.96262239,0.04169984881
42.98188814,0.04249759949
43.00115389,0.04325376847
43.02041964,0.04396289201
43.03968539,0.04459443266
43.05895114,0.04515968694
43.07821689,0.04569790337
43.09748264,0.04623319556
43.11674839,0.04671421283
43.13601414,0.04702994608
43.15527989,0.04709380048
43.17454564,0.04698724347
43.19381139,0.04680788487
43.21307714,0.04652549473
43.23234289,0.0461306754
43.25160864,0.04565317448
43.27087439,0.04513726878
43.29014014,0.04458692732
43.30940589,0.04403954276
43.32867164,0.04349951689
43.34793739,0.04294933667
43.36720314,0.04229146502
43.38646889,0.04144040837
43.40573464,0.0404216061
43.42500039,0.0392789056
43.44426614,0.0380482888
43.46353189,0.03671049041
43.48279764,0.03526814646
43.50206339,0.03386242171
43.52132914,0.03256443011
43.54059489,0.03114258364
43.55986064,0.03014901674
43.57912639,0.02893818023
43.59839214,0.02782633866
43.61765789,0.0267417705
43.63692364,0.02520217034
43.65618939,0.02382411028
43.67545514,0.02236926264
43.69472089,0.02095683007
43.71398664,0.01953969306
43.73325239,0.0181488218
43.75251814,0.01689366868
43.77178389,0.01570505303
43.79104964,0.01455515936
43.81031539,0.01335610838
43.82958114,0.01213667554
43.84884689,0.01102159503
43.86811264,0.009906622654
43.88737839,0.008709060505
43.90664414,0.007507585694
43.92590989,0.006415403197
43.94517564,0.00537643936
43.96444139,0.004348830743
43.98370714,0.003351089383
44.00297289,0.00245187454
44.02223864,0.001486913392
44.04150439,0.0004598838726
44.06077014,-0.0005037013587
44.08003589,-0.00138728952
44.09930164,-0.002228804421
44.11856739,-0.003075391871
44.13783314,-0.003907252206
44.15709889,-0.004840822002
44.17636464,-0.005952940303
44.19563039,-0.006950625562
44.21489614,-0.008456893123
44.23416189,-0.009552035238
44.25342764,-0.01066313691
44.27269339,-0.01197590218
44.29195914,-0.01300307892
44.31122489,-0.01405701923
44.33049064,-0.01534060055
44.34975639,-0.01620549239
44.36902214,-0.01750473246
44.38828789,-0.01847430139
44.40755364,-0.01952614016
44.42681939,-0.02073391775
44.44608514,-0.02193976399
44.46535089,-0.02308843182
44.48461664,-0.02409988605
44.50388239,-0.02511779223
44.52314814,-0.02609323288
44.54241389,-0.02706082707
44.56167964,-0.0279150185
44.58094539,-0.02905013835
44.60021114,-0.03023817356
44.61947689,-0.03111117364
44.63874264,-0.03226178381
44.65800839,-0.03362913249
44.67727414,-0.03463101088
44.69653989,-0.03578489662
44.71580564,-0.03685056786
44.73507138,-0.03803780969
44.75433713,-0.03900011104
44.77360288,-0.0397188306
44.79286863,-0.04069710393
44.81213438,-0.0415158863
44.83140013,-0.04218671215
44.85066588,-0.04307949488
44.86993163,-0.04388362215
44.88919738,-0.04475571275
44.90846313,-0.04529675562
44.92772888,-0.0458697375
44.94699463,-0.046399752
44.96626038,-0.04690347172
44.98552613,-0.04738563764
45.00479188,-0.04781362527
45.02405763,-0.04829643575
45.04332338,-0.04873251957
45.06258913,-0.04910346698
45.08185488,-0.0492926317
45.10112063,-0.04956616396
45.12038638,-0.04982894711
45.13965213,-0.05006226986
45.15891788,-0.05031792088
45.17818363,-0.05059211708
45.19744938,-0.05086875915
45.21671513,-0.05112322793
45.23598088,-0.05124490521
45.25524663,-0.05136823869
45.27451238,-0.05137431241
45.29377813,-0.05147255273
45.31304388,-0.05136907341
45.33230963,-0.05113798945
45.35157538,-0.05099375972
45.37084113,-0.05063783726
45.39010688,-0.05016621273
45.40937263,-0.04965861039
45.42863838,-0.04913960776
45.44790413,-0.04888432465
45.46716988,-0.04862067853
45.48643563,-0.0481931824
45.50570138,-0.04753540936
45.52496713,-0.04702489713
45.54423288,-0.04629565529
45.56349863,-0.04560573574
45.58276438,-0.04489530269
45.60203013,-0.04422418871
45.62129588,-0.04333429858
45.64056163,-0.04243213181
45.65982738,-0.04131193023
45.67909313,-0.04033444192
45.69835888,-0.03939423895
45.71762463,-0.03762961571
45.73689038,-0.0367548392
45.75615613,-0.03552352473
45.77542188,-0.03409587548
45.79468763,-0.03251912896
45.81395338,-0.0317142493
45.83321913,-0.03007729104
45.85248488,-0.02867628269
45.87175063,-0.02751054524
45.89101638,-0.02612007981
45.91028213,-0.02494942781
45.92954788,-0.02377746358
45.94881363,-0.02264246029
45.96807938,-0.02158873121
45.98734513,-0.02064838996
46.00661088,-0.01933658398
46.02587663,-0.01799270788
46.04514238,-0.01680646077
46.06440813,-0.01579604385
46.08367388,-0.01449151178
46.10293963,-0.01377434975
46.12220538,-0.01272366997
46.14147113,-0.01106406941
46.16073688,-0.009840356921
46.18000263,-0.008596041651
46.19926838,-0.007691704307
46.21853413,-0.006097688573
46.23779988,-0.00473074097
46.25706563,-0.003285234029
46.27633138,-0.001793441221
46.29559713,-0.0001871864264
46.31486288,0.001313768085
46.33412863,0.002853773212
46.35339438,0.004059574225
46.37266013,0.005493254959
46.39192588,0.006702382636
46.41119163,0.007817812518
46.43045738,0.009078188651
46.44972313,0.01013121374
46.46898888,0.01120687316
46.48825463,0.01224819745
46.50752038,0.01355453466
46.52678613,0.01443195387
46.54605188,0.01535234216
46.56531763,0.01607703176
46.58458338,0.0169097401
46.60384913,0.01769276006
46.62311488,0.01853314123
46.64238063,0.0192594081
46.66164638,0.02000390483
46.68091213,0.02072800022
46.70017788,0.02145635391
46.71944363,0.02215003041
46.73870938,0.02304903114
46.75797513,0.02400208742
46.77724088,0.02461735457
46.79650663,0.02507384853
46.81577238,0.02577990668
46.83503813,0.02634092815
46.85430388,0.02698429492
46.87356963,0.02745051371
46.89283538,0.02813090349
46.91210113,0.02863864608
46.93136688,0.02925504474
46.95063263,0.02965979944
46.96989838,0.03020246728
46.98916413,0.03078646496
47.00842988,0.0312202783
47.02769563,0.03136539455
47.04696138,0.03124659837
47.06622713,0.03096454932
47.08549288,0.03029830623
47.10475863,0.02970350886
47.12402438,0.0292051655
47.14329013,0.02873047281
47.16255588,0.02823526118
47.18182163,0.02771153759
47.20108738,0.02710540275
47.22035313,0.02616992886
47.23961888,0.02516876899
47.25888463,0.02379380141
47.27815038,0.02230930694
47.29741613,0.02039157871
47.31668188,0.01878995881
47.33594763,0.01735172315
47.35521338,0.01595676264
47.37447913,0.01417452478
47.39374488,0.01268705688
47.41301063,0.01083010633
47.43227638,0.009261120864
47.45154213,0.006900924338
47.47080788,0.005318217275
47.49007363,0.003089348734
47.50933938,0.0007277818759
47.52860513,-0.0009937393706
47.54787088,-0.003006428528
47.56713663,-0.004366202211
47.58640238,-0.00640131156
47.60566813,-0.008156784586
47.62493388,-0.009919202477
47.64419963,-0.01171552736
47.66346538,-0.01352076357
47.68273113,-0.01529548029
47.70199688,-0.01682960063
47.72126263,-0.01790004365
47.74052838,-0.01905919127
47.75979413,-0.02003847487
47.77905988,-0.02097422232
47.79832563,-0.02222169118
47.81759138,-0.02338611297
47.83685713,-0.02442572469
47.85612288,-0.02499581569
47.87538863,-0.0255627062
47.89465438,-0.0259324032
47.91392013,-0.02635655508
47.93318588,-0.02661826427
47.95245163,-0.02661560434
47.97171738,-0.02634619428
47.99098313,-0.02587228482
48.01024888,-0.0254729703
48.02951463,-0.02492866041
48.04878038,-0.02310658368
48.06804613,-0.02088304744
48.08731188,-0.01473760229
48.10657763,-0.003537399935
48.12584338,0.005059335496
48.14510913,0.007841980009
