0,-0.01681709592
0.01923862072,-0.01488736979
0.03847724143,-0.01208151235
0.05771586215,-0.009975949371
0.07695448286,-0.009640267076
0.09619310358,-0.008177391217
0.1154317243,-0.007212707391
0.134670345,-0.007162570449
0.1539089657,-0.007056027895
0.1731475864,-0.006879783122
0.1923862072,-0.006677202798
0.2116248279,-0.006593515978
0.2308634486,-0.00671127853
0.2501020693,-0.006885983272
0.26934069,-0.007099172076
0.2885793107,-0.007406564677
0.3078179314,-0.007824428373
0.3270565522,-0.008344955011
0.3462951729,-0.008893967021
0.3655337936,-0.00936244179
0.3847724143,-0.00979384067
0.404011035,-0.01018191969
0.4232496557,-0.01055791202
0.4424882765,-0.0110060766
0.4617268972,-0.01141877022
0.4809655179,-0.01182211585
0.5002041386,-0.01216425263
0.5194427593,-0.01242976262
0.53868138,-0.01258691615
0.5579200008,-0.01271244925
0.5771586215,-0.01288323422
0.5963972422,-0.01306508801
0.6156358629,-0.0132484571
0.6348744836,-0.01334387168
0.6541131043,-0.01334047401
0.673351725,-0.01324212606
0.6925903458,-0.01303913319
0.7118289665,-0.01286579325
0.7310675872,-0.01273806931
0.7503062079,-0.01266449713
0.7695448286,-0.01255920875
0.7887834493,-0.01241006212
0.8080220701,-0.01225323282
0.8272606908,-0.01209639329
0.8464993115,-0.0119904838
0.8657379322,-0.01192983838
0.8849765529,-0.01194357774
0.9042151736,-0.01198624324
0.9234537943,-0.0120352899
0.9426924151,-0.0120447507
0.9619310358,-0.01199038789
0.9811696565,-0.01194502594
1.000408277,-0.01189294837
1.019646898,-0.0118860474
1.038885519,-0.01195657325
1.058124139,-0.01201123834
1.07736276,-0.01208376397
1.096601381,-0.01208876737
1.115840002,-0.012045085
1.135078622,-0.01201380893
1.154317243,-0.0119833101
1.173555864,-0.01199219615
1.192794484,-0.01204921503
1.212033105,-0.01212561654
1.231271726,-0.01223252304
1.250510347,-0.0123171889
1.269748967,-0.01230834434
1.288987588,-0.01222752731
1.308226209,-0.01212768543
1.327464829,-0.01202940088
1.34670345,-0.01194371098
1.365942071,-0.01188815303
1.385180692,-0.01185912893
1.404419312,-0.01188278447
1.423657933,-0.01190274835
1.442896554,-0.01187236551
1.462135174,-0.01181991592
1.481373795,-0.01176167918
1.500612416,-0.0116753894
1.519851037,-0.01162023353
1.539089657,-0.01160923135
1.558328278,-0.01160378053
1.577566899,-0.01163430277
1.596805519,-0.01172064716
1.61604414,-0.01184073376
1.635282761,-0.01194463586
1.654521382,-0.01205267707
1.673760002,-0.01216661669
1.692998623,-0.01228668436
1.712237244,-0.0124201868
1.731475864,-0.0125856906
1.750714485,-0.01276443731
1.769953106,-0.01296372135
1.789191727,-0.01317509055
1.808430347,-0.01343877232
1.827668968,-0.01371448806
1.846907589,-0.01399566642
1.866146209,-0.01429389378
1.88538483,-0.01460073479
1.904623451,-0.01490169008
1.923862072,-0.01518934579
1.943100692,-0.01550050925
1.962339313,-0.0158295175
1.981577934,-0.01616919719
2.000816554,-0.01650231281
2.020055175,-0.01682173637
2.039293796,-0.01716610523
2.058532417,-0.01749455846
2.077771037,-0.01778128087
2.097009658,-0.01805553983
2.116248279,-0.01833127111
2.135486899,-0.01861170506
2.15472552,-0.01889655047
2.173964141,-0.01916932568
2.193202762,-0.01943038508
2.212441382,-0.01968934956
2.231680003,-0.01994815378
2.250918624,-0.02019593975
2.270157244,-0.0204105428
2.289395865,-0.02060997041
2.308634486,-0.02081480269
2.327873107,-0.02101208544
2.347111727,-0.02119225418
2.366350348,-0.02136045862
2.385588969,-0.02155179842
2.404827589,-0.02176931131
2.42406621,-0.02196899001
2.443304831,-0.02213950779
2.462543452,-0.0223020229
2.481782072,-0.02246936496
2.501020693,-0.02262523489
2.520259314,-0.02274042654
2.539497934,-0.0228238878
2.558736555,-0.02289068018
2.577975176,-0.0229442493
2.597213797,-0.02297498503
2.616452417,-0.02296636026
2.635691038,-0.02295072427
2.654929659,-0.02293531239
2.674168279,-0.02292433035
2.6934069,-0.02288430418
2.712645521,-0.02280194342
2.731884142,-0.02268314648
2.751122762,-0.02255800961
2.770361383,-0.02242016973
2.789600004,-0.02226643411
2.808838624,-0.02207456366
2.828077245,-0.02184702905
2.847315866,-0.02160905508
2.866554487,-0.02135299513
2.885793107,-0.0210870882
2.905031728,-0.02082490358
2.924270349,-0.02056578638
2.943508969,-0.02027510783
2.96274759,-0.0199484235
2.981986211,-0.01958264411
3.001224832,-0.0191784074
3.020463452,-0.01874211047
3.039702073,-0.01830385221
3.058940694,-0.01786720417
3.078179314,-0.01740909336
3.097417935,-0.01691697737
3.116656556,-0.01642269244
3.135895177,-0.01591949382
3.155133797,-0.0153851676
3.174372418,-0.01484322371
3.193611039,-0.0143002793
3.212849659,-0.01376910777
3.23208828,-0.01324652283
3.251326901,-0.01273115868
3.270565522,-0.01222792851
3.289804142,-0.01173763671
3.309042763,-0.01125547369
3.328281384,-0.0108036763
3.347520005,-0.01037005195
3.366758625,-0.009922754743
3.385997246,-0.009474016361
3.405235867,-0.009045954029
3.424474487,-0.00863388534
3.443713108,-0.008255691404
3.462951729,-0.007910209877
3.48219035,-0.007597233738
3.50142897,-0.007306148405
3.520667591,-0.00701294411
3.539906212,-0.006726509156
3.559144832,-0.006444858852
3.578383453,-0.006165486623
3.597622074,-0.005882887683
3.616860695,-0.005601458167
3.636099315,-0.005322263884
3.655337936,-0.005053388164
3.674576557,-0.004809572453
3.693815177,-0.004597837073
3.713053798,-0.00439766938
3.732292419,-0.004226946265
3.75153104,-0.004069205916
3.77076966,-0.003925827145
3.790008281,-0.003803125137
3.809246902,-0.00368084123
3.828485522,-0.003541835539
3.847724143,-0.003394162065
3.866962764,-0.00323433377
3.886201385,-0.003065004965
3.905440005,-0.00289826001
3.924678626,-0.002717969301
3.943917247,-0.002551614866
3.963155867,-0.002425007294
3.982394488,-0.002307487652
4.001633109,-0.002186888636
4.02087173,-0.002077504319
4.04011035,-0.001998686959
4.059348971,-0.001942560712
4.078587592,-0.001905228031
4.097826212,-0.001858228216
4.117064833,-0.001813011886
4.136303454,-0.001768105008
4.155542075,-0.001725472549
4.174780695,-0.001681581014
4.194019316,-0.001636979237
4.213257937,-0.001603937137
4.232496557,-0.001606474067
4.251735178,-0.001642492033
4.270973799,-0.001689075285
4.29021242,-0.001739335531
4.30945104,-0.001797820027
4.328689661,-0.001877192476
4.347928282,-0.001993996644
4.367166902,-0.002121269879
4.386405523,-0.0022107847
4.405644144,-0.002274220869
4.424882765,-0.002327872592
4.444121385,-0.002383133264
4.463360006,-0.002426079424
4.482598627,-0.002465346694
4.501837247,-0.002522216173
4.521075868,-0.002610051084
4.540314489,-0.002731958241
4.55955311,-0.002868685451
4.57879173,-0.003014495668
4.598030351,-0.003172570604
4.617268972,-0.003357670256
4.636507592,-0.003585601205
4.655746213,-0.003821554648
4.674984834,-0.004026025402
4.694223455,-0.004222627651
4.713462075,-0.004423732632
4.732700696,-0.004616666616
4.751939317,-0.004783603456
4.771177937,-0.004950629651
4.790416558,-0.005123225296
4.809655179,-0.005327901843
4.8288938,-0.005540726527
4.84813242,-0.005774808505
4.867371041,-0.006010103596
4.886609662,-0.006248474969
4.905848282,-0.006502026117
4.925086903,-0.00677906783
4.944325524,-0.007069913851
4.963564145,-0.007361000142
4.982802765,-0.007636081207
5.002041386,-0.007889482647
5.021280007,-0.008143310985
5.040518627,-0.008390878546
5.059757248,-0.008625682991
5.078995869,-0.008849374615
5.09823449,-0.009077857643
5.11747311,-0.009291163514
5.136711731,-0.009512906148
5.155950352,-0.009751941562
5.175188972,-0.009999977926
5.194427593,-0.01026412614
5.213666214,-0.01053799952
5.232904835,-0.01078955983
5.252143455,-0.01103827947
5.271382076,-0.0112945054
5.290620697,-0.01153786441
5.309859317,-0.01175414944
5.329097938,-0.01195410048
5.348336559,-0.01214353582
5.36757518,-0.01235593524
5.3868138,-0.01254711944
5.406052421,-0.01271363371
5.425291042,-0.01287403626
5.444529662,-0.01306126002
5.463768283,-0.01328108383
5.483006904,-0.01352398763
5.502245525,-0.01379933797
5.521484145,-0.01409925072
5.540722766,-0.01440103293
5.559961387,-0.01469120595
5.579200008,-0.01495876595
5.598438628,-0.01520237774
5.617677249,-0.01543218534
5.63691587,-0.01564663188
5.65615449,-0.01585040332
5.675393111,-0.01608398471
5.694631732,-0.01634607081
5.713870353,-0.01661395458
5.733108973,-0.01688903343
5.752347594,-0.01718921945
5.771586215,-0.01753024245
5.790824835,-0.01791269607
5.810063456,-0.01827969118
5.829302077,-0.01864157431
5.848540698,-0.01901432516
5.867779318,-0.01939480755
5.887017939,-0.01974223475
5.90625656,-0.02006272996
5.92549518,-0.02039106252
5.944733801,-0.02072423084
5.963972422,-0.02106577286
5.983211043,-0.02141147981
6.002449663,-0.02176748346
6.021688284,-0.02212755079
6.040926905,-0.02248237161
6.060165525,-0.02282680453
6.079404146,-0.02314411916
6.098642767,-0.02344356525
6.117881388,-0.0237471819
6.137120008,-0.02403753473
6.156358629,-0.02431245851
6.17559725,-0.02459221027
6.19483587,-0.024895178
6.214074491,-0.02524533437
6.233313112,-0.02562092923
6.252551733,-0.02601431687
6.271790353,-0.02642503648
6.291028974,-0.02686009948
6.310267595,-0.02730685312
6.329506215,-0.0277363006
6.348744836,-0.02813786156
6.367983457,-0.0285445264
6.387222078,-0.02895028507
6.406460698,-0.02930134695
6.425699319,-0.02960583771
6.44493794,-0.02990235296
6.46417656,-0.03020627518
6.483415181,-0.03052554796
6.502653802,-0.03086568251
6.521892423,-0.03120074414
6.541131043,-0.03150643801
6.560369664,-0.03177777776
6.579608285,-0.03200406142
6.598846905,-0.03220730559
6.618085526,-0.03241065465
6.637324147,-0.03257167727
6.656562768,-0.03269613757
6.675801388,-0.03279434855
6.695040009,-0.03288572609
6.71427863,-0.03293120423
6.73351725,-0.03293136372
6.752755871,-0.03291366669
6.771994492,-0.03287793458
6.791233113,-0.0327646376
6.810471733,-0.03258539661
6.829710354,-0.03236782286
6.848948975,-0.03213503305
6.868187595,-0.03188450196
6.887426216,-0.03159260693
6.906664837,-0.03124750241
6.925903458,-0.03084863778
6.945142078,-0.03042400757
6.964380699,-0.02995559569
6.98361932,-0.02943554089
7.00285794,-0.02890120306
7.022096561,-0.02834219847
7.041335182,-0.0277126557
7.060573803,-0.02701350827
7.079812423,-0.02632778129
7.099051044,-0.0256524026
7.118289665,-0.02495182726
7.137528285,-0.02425500023
7.156766906,-0.02357901384
7.176005527,-0.02291522752
7.195244148,-0.02228050447
7.214482768,-0.0216352872
7.233721389,-0.02099805857
7.25296001,-0.02037779549
7.27219863,-0.01972444357
7.291437251,-0.01902217631
7.310675872,-0.01835191371
7.329914493,-0.01774071931
7.349153113,-0.01715280317
7.368391734,-0.01658261779
7.387630355,-0.01602542116
7.406868975,-0.01547669167
7.426107596,-0.01495593067
7.445346217,-0.0144343787
7.464584838,-0.01390102681
7.483823458,-0.01340018342
7.503062079,-0.01290215031
7.5223007,-0.01239794889
7.54153932,-0.01193054638
7.560777941,-0.0115432936
7.580016562,-0.01118667364
7.599255183,-0.01083336644
7.618493803,-0.01049959632
7.637732424,-0.01019839906
7.656971045,-0.009925818493
7.676209665,-0.009654266295
7.695448286,-0.009394818445
7.714686907,-0.009162827851
7.733925528,-0.008932940862
7.753164148,-0.008669667275
7.772402769,-0.00839915814
7.79164139,-0.008151767972
7.810880011,-0.007905514854
7.830118631,-0.007642596177
7.849357252,-0.007328178325
7.868595873,-0.007014020073
7.887834493,-0.00670882878
7.907073114,-0.006388047096
7.926311735,-0.00603544153
7.945550356,-0.005644729004
7.964788976,-0.00522369956
7.984027597,-0.004784849008
8.003266218,-0.004310644079
8.022504838,-0.003814295368
8.041743459,-0.003339106082
8.06098208,-0.002844024574
8.080220701,-0.002306392301
8.099459321,-0.001714150949
8.118697942,-0.00109661613
8.137936563,-0.0004772681699
8.157175183,0.0001747985566
8.176413804,0.0009007311638
8.195652425,0.001694495484
8.214891046,0.002528696745
8.234129666,0.00339340484
8.253368287,0.004271577371
8.272606908,0.005159093922
8.291845528,0.006067776296
8.311084149,0.006996066447
8.33032277,0.007937603402
8.349561391,0.008908753863
8.368800011,0.009863205284
8.388038632,0.01078292538
8.407277253,0.01172662762
8.426515873,0.0126913764
8.445754494,0.01365568733
8.464993115,0.01459835649
8.484231736,0.01551834444
8.503470356,0.01640573593
8.522708977,0.01725147257
8.541947598,0.01808181137
8.561186218,0.0189000371
8.580424839,0.01967886743
8.59966346,0.02041726687
8.618902081,0.02107860587
8.638140701,0.02167757484
8.657379322,0.02226314855
8.676617943,0.02283326054
8.695856563,0.02336379349
8.715095184,0.02384850792
8.734333805,0.02430578998
8.753572426,0.02470483739
8.772811046,0.02502822465
8.792049667,0.02526779365
8.811288288,0.02547628331
8.830526908,0.02569005327
8.849765529,0.02583523759
8.86900415,0.0258968026
8.888242771,0.0259183534
8.907481391,0.02594164258
8.926720012,0.02594506284
8.945958633,0.02590862212
8.965197253,0.02581698031
8.984435874,0.02567932292
9.003674495,0.02548653182
9.022913116,0.02522660706
9.042151736,0.0248856845
9.061390357,0.0244858923
9.080628978,0.02399891677
9.099867598,0.02340290614
9.119106219,0.02268216581
9.13834484,0.02185662655
9.157583461,0.02093889152
9.176822081,0.01990569617
9.196060702,0.01875273281
9.215299323,0.01749016973
9.234537943,0.01613795129
9.253776564,0.01470295611
9.273015185,0.01314719449
9.292253806,0.01148873519
9.311492426,0.009781427075
9.330731047,0.007968936608
9.349969668,0.006049985877
9.369208288,0.004068295433
9.388446909,0.002065666854
9.40768553,3.238182894e-005
9.426924151,-0.002074325259
9.446162771,-0.00421056662
9.465401392,-0.006360865734
9.484640013,-0.008503975331
9.503878633,-0.01062568508
9.523117254,-0.01270226744
9.542355875,-0.01471706695
9.561594496,-0.01663438526
9.580833116,-0.0184516509
9.600071737,-0.02018071833
9.619310358,-0.02180916259
9.638548978,-0.0232687749
9.657787599,-0.02455316574
9.67702622,-0.02575352214
9.696264841,-0.02683910523
9.715503461,-0.02775924157
9.734742082,-0.02855001391
9.753980703,-0.02922690438
9.773219323,-0.02981214088
9.792457944,-0.03029365604
9.811696565,-0.03066535122
9.830935186,-0.03095322505
9.850173806,-0.03117696386
9.869412427,-0.031329489
9.888651048,-0.03138569845
9.907889668,-0.03138764371
9.927128289,-0.0313595491
9.94636691,-0.03130869529
9.965605531,-0.03122709465
9.984844151,-0.03112484973
10.00408277,-0.0310150041
10.02332139,-0.03091798446
10.04256001,-0.03085615799
10.06179863,-0.03083114209
10.08103725,-0.03083757789
10.10027588,-0.03089911742
10.1195145,-0.03100942724
10.13875312,-0.03112778265
10.15799174,-0.0312836303
10.17723036,-0.03151375837
10.19646898,-0.03181195261
10.2157076,-0.03214878048
10.23494622,-0.03249951887
10.25418484,-0.03287780233
10.27342346,-0.03328590113
10.29266208,-0.0337284608
10.3119007,-0.03419843585
10.33113932,-0.03470573469
10.35037794,-0.03527658788
10.36961657,-0.0358734832
10.38885519,-0.03645755237
10.40809381,-0.03704495925
10.42733243,-0.03766277237
10.44657105,-0.03831580312
10.46580967,-0.03896264901
10.48504829,-0.03958442957
10.50428691,-0.04019551789
10.52352553,-0.04083677934
10.54276415,-0.04148945203
10.56200277,-0.04211983326
10.58124139,-0.0427543944
10.60048001,-0.0434246041
10.61971863,-0.04412789484
10.63895726,-0.04483287273
10.65819588,-0.0455425473
10.6774345,-0.04627197939
10.69667312,-0.04702725562
10.71591174,-0.04779411756
10.73515036,-0.04854422736
10.75438898,-0.04929020629
10.7736276,-0.05003098177
10.79286622,-0.05078539326
10.81210484,-0.05151743844
10.83134346,-0.05221448629
10.85058208,-0.05293188349
10.8698207,-0.05367758445
10.88905932,-0.05441124345
10.90829795,-0.0551356428
10.92753657,-0.05587899094
10.94677519,-0.05663089044
10.96601381,-0.05734279871
10.98525243,-0.05801886593
11.00449105,-0.05866323569
11.02372967,-0.05924904702
11.04296829,-0.05978560642
11.06220691,-0.06024830313
11.08144553,-0.06061773831
11.10068415,-0.06092572016
11.11992277,-0.06119152686
11.13916139,-0.06139352271
11.15840002,-0.06148043223
11.17763864,-0.06146204401
11.19687726,-0.06135254666
11.21611588,-0.06113880224
11.2353545,-0.06081785978
11.25459312,-0.06038762473
11.27383174,-0.05987472774
11.29307036,-0.05929002895
11.31230898,-0.05862621331
11.3315476,-0.05788099097
11.35078622,-0.05707725009
11.37002484,-0.05624660287
11.38926346,-0.05540667212
11.40850208,-0.05456514562
11.42774071,-0.0536959867
11.44697933,-0.05276820535
11.46621795,-0.05179468952
11.48545657,-0.05076119499
11.50469519,-0.04962002949
11.52393381,-0.04845485652
11.54317243,-0.0471707685
11.56241105,-0.04581992714
11.58164967,-0.0444071382
11.60088829,-0.04293822008
11.62012691,-0.04139443594
11.63936553,-0.03988289029
11.65860415,-0.03826130483
11.67784277,-0.03648205957
11.6970814,-0.03469522341
11.71632002,-0.03277636756
11.73555864,-0.0307043121
11.75479726,-0.02858370633
11.77403588,-0.02637862562
11.7932745,-0.02395700624
11.81251312,-0.02141011963
11.83175174,-0.01872272702
11.85099036,-0.01571982729
11.87022898,-0.01286560983
11.8894676,-0.009925595364
11.90870622,-0.006635658982
11.92794484,-0.003237083655
11.94718346,0.0003473324845
11.96642209,0.004040782848
11.98566071,0.008084909321
12.00489933,0.01216966377
12.02413795,0.0165859713
12.04337657,0.02133771539
12.06261519,0.02646523194
12.08185381,0.03193833595
12.10109243,0.03749414539
12.12033105,0.04312033041
12.13956967,0.0492263213
12.15880829,0.05544744129
12.17804691,0.0621363884
12.19728553,0.06910151419
12.21652415,0.07650520147
12.23576278,0.08419008135
12.2550014,0.09262704366
12.27424002,0.1010734847
12.29347864,0.1099182784
12.31271726,0.1190956804
12.33195588,0.1283218541
12.3511945,0.1376672656
12.37043312,0.1473547325
12.38967174,0.1571237541
12.40891036,0.1671370498
12.42814898,0.1775384667
12.4473876,0.1881334092
12.46662622,0.1992898626
12.48586484,0.210636008
12.50510347,0.2221376962
12.52434209,0.2340223545
12.54358071,0.2459914666
12.56281933,0.2587006814
12.58205795,0.2713752186
12.60129657,0.2840657913
12.62053519,0.2976642438
12.63977381,0.3107148608
12.65901243,0.3242641975
12.67825105,0.3369187381
12.69748967,0.3499508607
12.71672829,0.3628304542
12.73596691,0.376038234
12.75520553,0.3892233407
12.77444416,0.4018284152
12.79368278,0.4144449534
12.8129214,0.4265910229
12.83216002,0.4386094528
12.85139864,0.4506266362
12.87063726,0.4618788826
12.88987588,0.4728757347
12.9091145,0.4834173171
12.92835312,0.4931467075
12.94759174,0.5020757488
12.96683036,0.5113047876
12.98606898,0.5199092048
13.0053076,0.5278645669
13.02454622,0.5357263702
13.04378485,0.5426723196
13.06302347,0.549313809
13.08226209,0.5547574824
13.10150071,0.5594417736
13.12073933,0.5636075476
13.13997795,0.5668870712
13.15921657,0.5687399789
13.17845519,0.569759971
13.19769381,0.5697474847
13.21693243,0.5685955006
13.23617105,0.5664535106
13.25540967,0.5630116149
13.27464829,0.5582541037
13.29388691,0.5523292558
13.31312554,0.5449419227
13.33236416,0.5361546593
13.35160278,0.5256067425
13.3708414,0.5141727954
13.39008002,0.5013645769
13.40931864,0.4867818456
13.42855726,0.4708668082
13.44779588,0.4527935116
13.4670345,0.4338075008
13.48627312,0.4130461135
13.50551174,0.390853894
13.52475036,0.3679098529
13.54398898,0.3433586001
13.5632276,0.3158427579
13.58246623,0.2884571331
13.60170485,0.2594307643
13.62094347,0.2301738666
13.64018209,0.1999002458
13.65942071,0.1685285328
13.67865933,0.1361644702
13.69789795,0.1046510575
13.71713657,0.07268636295
13.73637519,0.04036831707
13.75561381,0.007384420959
13.77485243,-0.0246592036
13.79409105,-0.05610816853
13.81332967,-0.08809903373
13.83256829,-0.1190253272
13.85180692,-0.1498720662
13.87104554,-0.1793284772
13.89028416,-0.2083085312
13.90952278,-0.2364937804
13.9287614,-0.2634764116
13.94800002,-0.2893807201
13.96723864,-0.3141707078
13.98647726,-0.338604704
14.00571588,-0.3608341205
14.0249545,-0.3821009099
14.04419312,-0.4024731151
14.06343174,-0.4210189517
14.08267036,-0.4382410552
14.10190898,-0.4547952122
14.12114761,-0.4698849881
14.14038623,-0.4835547989
14.15962485,-0.4961477846
14.17886347,-0.5073657846
14.19810209,-0.5173158532
14.21734071,-0.5259160068
14.23657933,-0.533655205
14.25581795,-0.5403542239
14.27505657,-0.5459316405
14.29429519,-0.5504909933
14.31353381,-0.5540041767
14.33277243,-0.5564848407
14.35201105,-0.5581726744
14.37124967,-0.5589716978
14.3904883,-0.5588864967
14.40972692,-0.5578796583
14.42896554,-0.5560465311
14.44820416,-0.5532753052
14.46744278,-0.5497588963
14.4866814,-0.5452696949
14.50592002,-0.5400871635
14.52515864,-0.5341636521
14.54439726,-0.527655228
14.56363588,-0.5204267266
14.5828745,-0.512551988
14.60211312,-0.504005429
14.62135174,-0.4949795639
14.64059036,-0.4856420394
14.65982899,-0.4756456014
14.67906761,-0.4653568458
14.69830623,-0.4548048627
14.71754485,-0.4440426991
14.73678347,-0.4331781399
14.75602209,-0.4217228711
14.77526071,-0.4102116234
14.79449933,-0.398797948
14.81373795,-0.3876317377
14.83297657,-0.3761259103
14.85221519,-0.3648146022
14.87145381,-0.3535152201
14.89069243,-0.3425935101
14.90993105,-0.3316911736
14.92916968,-0.3205110647
14.9484083,-0.3096170637
14.96764692,-0.2988771488
14.98688554,-0.2880662537
15.00612416,-0.277392319
15.02536278,-0.2666659735
15.0446014,-0.2562091903
15.06384002,-0.2461591651
15.08307864,-0.2363123172
15.10231726,-0.2267239493
15.12155588,-0.2171924341
15.1407945,-0.207869751
15.16003312,-0.198813165
15.17927174,-0.1900562807
15.19851037,-0.1813289052
15.21774899,-0.1730030679
15.23698761,-0.1648299876
15.25622623,-0.1567993092
15.27546485,-0.1488810967
15.29470347,-0.141186934
15.31394209,-0.1336587952
15.33318071,-0.1262095256
15.35241933,-0.1188038772
15.37165795,-0.1114793571
15.39089657,-0.1042266449
15.41013519,-0.09704298406
15.42937381,-0.08965630233
15.44861243,-0.08243099868
15.46785106,-0.0751713242
15.48708968,-0.06811514721
15.5063283,-0.06107329216
15.52556692,-0.05401450711
15.54480554,-0.04725111837
15.56404416,-0.04063620489
15.58328278,-0.03422813605
15.6025214,-0.02791574289
15.62176002,-0.02176540771
15.64099864,-0.01579544829
15.66023726,-0.01007962399
15.67947588,-0.004440332908
15.6987145,0.001107548736
15.71795312,0.006505440485
15.73719175,0.01182377719
15.75643037,0.0170285432
15.77566899,0.021964841
15.79490761,0.02684082155
15.81414623,0.03158113418
15.83338485,0.03621154554
15.85262347,0.04058580223
15.87186209,0.04481416474
15.89110071,0.04900990268
15.91033933,0.0529594076
15.92957795,0.05679171142
15.94881657,0.06049309627
15.96805519,0.06437337298
15.98729381,0.06798179604
16.00653244,0.071569494
16.02577106,0.07503646672
16.04500968,0.07839638473
16.0642483,0.08163147655
16.08348692,0.08483519585
16.10272554,0.08771025315
16.12196416,0.0904617629
16.14120278,0.09304097025
16.1604414,0.09553496
16.17968002,0.09789418326
16.19891864,0.100171116
16.21815726,0.1023161758
16.23739588,0.1044375925
16.2566345,0.1064022444
16.27587313,0.1083059047
16.29511175,0.1100820603
16.31435037,0.1117385178
16.33358899,0.1132328089
16.35282761,0.1145319075
16.37206623,0.1156475061
16.39130485,0.1165847177
16.41054347,0.1173893189
16.42978209,0.1180575424
16.44902071,0.1186240094
16.46825933,0.1190494371
16.48749795,0.1193260933
16.50673657,0.1194421313
16.52597519,0.119427844
16.54521382,0.1192562041
16.56445244,0.1189669806
16.58369106,0.1185363822
16.60292968,0.1179320516
16.6221683,0.1171804577
16.64140692,0.1162340545
16.66064554,0.1151337734
16.67988416,0.1139284784
16.69912278,0.1126137564
16.7183614,0.1111446988
16.73760002,0.1095269182
16.75683864,0.1077589238
16.77607726,0.1058912535
16.79531588,0.1039457167
16.81455451,0.1018950211
16.83379313,0.09976828086
16.85303175,0.09757638596
16.87227037,0.09534660451
16.89150899,0.09306249978
16.91074761,0.09073749119
16.92998623,0.08840129649
16.94922485,0.08602165164
16.96846347,0.08365652097
16.98770209,0.08129039446
17.00694071,0.07894140883
17.02617933,0.07666386345
17.04541795,0.07449050909
17.06465657,0.07239148809
17.0838952,0.0703612325
17.10313382,0.06845188959
17.12237244,0.06663602775
17.14161106,0.06489122108
17.16084968,0.063213888
17.1800883,0.06162544998
17.19932692,0.06015370809
17.21856554,0.05879354211
17.23780416,0.05752390968
17.25704278,0.05632792406
17.2762814,0.05521596666
17.29552002,0.05421209417
17.31475864,0.05327493094
17.33399726,0.0524025494
17.35323589,0.05156762791
17.37247451,0.05075273061
17.39171313,0.0499756912
17.41095175,0.04922598507
17.43019037,0.04852101023
17.44942899,0.0478749543
17.46866761,0.04723777841
17.48790623,0.04658423675
17.50714485,0.04592587533
17.52638347,0.04527056249
17.54562209,0.04466368743
17.56486071,0.04409739159
17.58409933,0.04355656421
17.60333795,0.04303409865
17.62257658,0.04255039935
17.6418152,0.04209096561
17.66105382,0.04167188557
17.68029244,0.04126700265
17.69953106,0.04089826951
17.71876968,0.04053750018
17.7380083,0.0401243398
17.75724692,0.03973744095
17.77648554,0.0393835001
17.79572416,0.03902370534
17.81496278,0.03865693259
17.8342014,0.03830504166
17.85344002,0.03794902768
17.87267864,0.03759087472
17.89191727,0.03729660952
17.91115589,0.03702840801
17.93039451,0.0367722223
17.94963313,0.03654671071
17.96887175,0.03629425489
17.98811037,0.03601014059
18.00734899,0.03565544605
18.02658761,0.03530054398
18.04582623,0.03492659153
18.06506485,0.03450335254
18.08430347,0.03404885456
18.10354209,0.03354131235
18.12278071,0.03296500833
18.14201933,0.03232883252
18.16125796,0.03165103363
18.18049658,0.03092875371
18.1997352,0.03014009775
18.21897382,0.02927817426
18.23821244,0.02833880522
18.25745106,0.02731411686
18.27668968,0.02622532123
18.2959283,0.02509211481
18.31516692,0.02395613589
18.33440554,0.02279947443
18.35364416,0.02158716402
18.37288278,0.02031231071
18.3921214,0.0190118401
18.41136002,0.01771255997
18.43059865,0.01643040796
18.44983727,0.01513639911
18.46907589,0.01381053316
18.48831451,0.01248023263
18.50755313,0.01111489686
18.52679175,0.009743740714
18.54603037,0.008409193563
18.56526899,0.00714259592
18.58450761,0.005892173446
18.60374623,0.004707187071
18.62298485,0.003606362619
18.64222347,0.00259365091
18.66146209,0.001606870878
18.68070071,0.0007218428147
18.69993934,-5.886936361e-005
18.71917796,-0.0007950523932
18.73841658,-0.001491451353
18.7576552,-0.002100728674
18.77689382,-0.00259869489
18.79613244,-0.002994275779
18.81537106,-0.003304419358
18.83460968,-0.003526084622
18.8538483,-0.003658853265
18.87308692,-0.003688576759
18.89232554,-0.003659897408
18.91156416,-0.003551660208
18.93080278,-0.003378335666
18.9500414,-0.003118500866
18.96928003,-0.002761259338
18.98851865,-0.002360344666
19.00775727,-0.001875048112
19.02699589,-0.00133672361
19.04623451,-0.0007557577833
19.06547313,-0.0001324023955
19.08471175,0.0005462994208
19.10395037,0.001315988685
19.12318899,0.002218288491
19.14242761,0.003179817135
19.16166623,0.004199220167
19.18090485,0.00524709832
19.20014347,0.006299500175
19.21938209,0.007393778258
19.23862072,0.008535283109
19.25785934,0.009699242
19.27709796,0.01089686638
19.29633658,0.01209431677
19.3155752,0.01330339871
19.33481382,0.01455129519
19.35405244,0.01583856249
19.37329106,0.01710940093
19.39252968,0.01831912808
19.4117683,0.01952094711
19.43100692,0.02075814235
19.45024554,0.02200141895
19.46948416,0.02331736959
19.48872278,0.02465730969
19.50796141,0.02596312121
19.52720003,0.02727930995
19.54643865,0.02856977852
19.56567727,0.0298531508
19.58491589,0.03112133006
19.60415451,0.03239985266
19.62339313,0.03370007798
19.64263175,0.03494188506
19.66187037,0.03611557128
19.68110899,0.03717846357
19.70034761,0.0381864634
19.71958623,0.0391933806
19.73882485,0.04013934628
19.75806347,0.04101961783
19.7773021,0.04184654035
19.79654072,0.04259164781
19.81577934,0.04326679466
19.83501796,0.04392421731
19.85425658,0.04455972502
19.8734952,0.04517931108
19.89273382,0.04574150824
19.91197244,0.04623091507
19.93121106,0.04663196113
19.95044968,0.04696241617
19.9696883,0.04727984245
19.98892692,0.04756447614
20.00816554,0.04780150925
20.02740416,0.04799956336
20.04664279,0.04815791711
20.06588141,0.04826790361
20.08512003,0.04831148977
20.10435865,0.04835426587
20.12359727,0.04842346955
20.14283589,0.04845814924
20.16207451,0.04842309204
20.18131313,0.04831336033
20.20055175,0.0481547569
20.21979037,0.04794175131
20.23902899,0.04770810295
20.25826761,0.04742475243
20.27750623,0.04714380683
20.29674485,0.046839651
20.31598348,0.04652504815
20.3352221,0.04617697031
20.35446072,0.04578831605
20.37369934,0.04535898441
20.39293796,0.04487561001
20.41217658,0.04432969655
20.4314152,0.04374697438
20.45065382,0.04311859632
20.46989244,0.04246466014
20.48913106,0.04178648623
20.50836968,0.04107971567
20.5276083,0.04037945398
20.54684692,0.03970664237
20.56608554,0.03904610723
20.58532417,0.03843198738
20.60456279,0.03783037607
20.62380141,0.03725170246
20.64304003,0.03670087048
20.66227865,0.03616465256
20.68151727,0.03563914497
20.70075589,0.03514400179
20.71999451,0.03467925422
20.73923313,0.03423781013
20.75847175,0.03383796897
20.77771037,0.03349947493
20.79694899,0.03320588057
20.81618761,0.03294975885
20.83542623,0.03276219238
20.85466486,0.03263088338
20.87390348,0.03256121107
20.8931421,0.03254347823
20.91238072,0.03260752598
20.93161934,0.03269860129
20.95085796,0.0328025316
20.97009658,0.03295373195
20.9893352,0.03317304045
21.00857382,0.03343141165
21.02781244,0.03374336532
21.04705106,0.03411191919
21.06628968,0.03455145561
21.0855283,0.035030969
21.10476692,0.03553655305
21.12400555,0.03606667692
21.14324417,0.03661229575
21.16248279,0.03714691091
21.18172141,0.03767725444
21.20096003,0.03818864461
21.22019865,0.03869990802
21.23943727,0.03922074222
21.25867589,0.03971189514
21.27791451,0.04017103961
21.29715313,0.04057679546
21.31639175,0.0409298255
21.33563037,0.04121901051
21.35486899,0.04145155562
21.37410761,0.04160760747
21.39334624,0.04168441198
21.41258486,0.04169543843
21.43182348,0.04163394431
21.4510621,0.0414846337
21.47030072,0.04126446598
21.48953934,0.04096160976
21.50877796,0.04054719273
21.52801658,0.04001024992
21.5472552,0.0393270936
21.56649382,0.03853918718
21.58573244,0.03768265572
21.60497106,0.03674339537
21.62420968,0.03572683745
21.6434483,0.03463636688
21.66268693,0.03345951519
21.68192555,0.03219033832
21.70116417,0.03085093533
21.72040279,0.02946169167
21.73964141,0.02800306255
21.75888003,0.02646453833
21.77811865,0.02484030808
21.79735727,0.02313211555
21.81659589,0.02135456953
21.83583451,0.01949688528
21.85507313,0.01759214444
21.87431175,0.01564493749
21.89355037,0.01365108274
21.91278899,0.011588637
21.93202762,0.009475813007
21.95126624,0.007285858293
21.97050486,0.005031355402
21.98974348,0.002767689535
22.0089821,0.000476028441
22.02822072,-0.001861212672
22.04745934,-0.004230941302
22.06669796,-0.006610198613
22.08593658,-0.009054876752
22.1051752,-0.01152260819
22.12441382,-0.01397081088
22.14365244,-0.01640467922
22.16289106,-0.01883880501
22.18212969,-0.02126890442
22.20136831,-0.02367544002
22.22060693,-0.02605360547
22.23984555,-0.02838022676
22.25908417,-0.03063598836
22.27832279,-0.03284366867
22.29756141,-0.03500442632
22.31680003,-0.03712135329
22.33603865,-0.03918684868
22.35527727,-0.04117250297
22.37451589,-0.04306422051
22.39375451,-0.04483591998
22.41299313,-0.04651481778
22.43223175,-0.04813203905
22.45147038,-0.04965502881
22.470709,-0.0510717452
22.48994762,-0.0523818806
22.50918624,-0.0535923581
22.52842486,-0.0547223328
22.54766348,-0.05576800036
22.5669021,-0.05673360186
22.58614072,-0.05759933394
22.60537934,-0.05836153135
22.62461796,-0.05903897509
22.64385658,-0.05964293644
22.6630952,-0.06017986534
22.68233382,-0.06064534978
22.70157244,-0.06105377479
22.72081107,-0.06141621019
22.74004969,-0.06170781826
22.75928831,-0.06194777157
22.77852693,-0.06213686262
22.79776555,-0.06224376406
22.81700417,-0.062263976
22.83624279,-0.06221324709
22.85548141,-0.06212090057
22.87472003,-0.06199237541
22.89395865,-0.06181900461
22.91319727,-0.06161455167
22.93243589,-0.06137878094
22.95167451,-0.06110034228
22.97091313,-0.06076254801
22.99015176,-0.06038426938
23.00939038,-0.05999831612
23.028629,-0.05959865279
23.04786762,-0.05916585497
23.06710624,-0.05869151658
23.08634486,-0.05817652094
23.10558348,-0.05763650716
23.1248221,-0.05708409915
23.14406072,-0.05652674235
23.16329934,-0.05597051958
23.18253796,-0.05538815548
23.20177658,-0.05478925155
23.2210152,-0.05417896033
23.24025382,-0.05355659859
23.25949245,-0.05294226391
23.27873107,-0.05234555723
23.29796969,-0.05173130801
23.31720831,-0.05110214171
23.33644693,-0.0504311364
23.35568555,-0.04974638183
23.37492417,-0.04907712106
23.39416279,-0.04842687807
23.41340141,-0.04778613179
23.43264003,-0.04716816006
23.45187865,-0.04655189392
23.47111727,-0.04590123384
23.49035589,-0.04523716837
23.50959451,-0.04461983685
23.52883314,-0.0440356214
23.54807176,-0.04344373892
23.56731038,-0.04285252939
23.586549,-0.04227015376
23.60578762,-0.04169685272
23.62502624,-0.0411297151
23.64426486,-0.04059046117
23.66350348,-0.04005758223
23.6827421,-0.0395114195
23.70198072,-0.03896015403
23.72121934,-0.03838874239
23.74045796,-0.03781131636
23.75969658,-0.03724145761
23.7789352,-0.03666802185
23.79817383,-0.0360660623
23.81741245,-0.0353986335
23.83665107,-0.03469458421
23.85588969,-0.03398237471
23.87512831,-0.03324810379
23.89436693,-0.03249852627
23.91360555,-0.03176462901
23.93284417,-0.03106598859
23.95208279,-0.03038524116
23.97132141,-0.02968806782
23.99056003,-0.02897919165
24.00979865,-0.02829845198
24.02903727,-0.02763409556
24.04827589,-0.02697860344
24.06751452,-0.02629564911
24.08675314,-0.02558346442
24.10599176,-0.02488386128
24.12523038,-0.02420979093
24.144469,-0.02354500553
24.16370762,-0.02288665894
24.18294624,-0.02226100953
24.20218486,-0.02164309442
24.22142348,-0.02098620389
24.2406621,-0.02031635755
24.25990072,-0.01968566908
24.27913934,-0.01910384865
24.29837796,-0.0185119471
24.31761658,-0.01790731693
24.33685521,-0.01733769283
24.35609383,-0.01680965356
24.37533245,-0.01630376207
24.39457107,-0.01580441337
24.41380969,-0.0153288468
24.43304831,-0.01488928435
24.45228693,-0.01447275185
24.47152555,-0.01405660144
24.49076417,-0.01365568673
24.51000279,-0.01331990775
24.52924141,-0.01305322549
24.54848003,-0.01281092537
24.56771865,-0.01256322584
24.58695727,-0.01233938033
24.6061959,-0.0121554455
24.62543452,-0.01202369854
24.64467314,-0.01190948134
24.66391176,-0.01181189265
24.68315038,-0.01179179543
24.702389,-0.01183667372
24.72162762,-0.01191117326
24.74086624,-0.01201041663
24.76010486,-0.01218192493
24.77934348,-0.01242742645
24.7985821,-0.01269714839
24.81782072,-0.0129708623
24.83705934,-0.01327852585
24.85629796,-0.01365129854
24.87553659,-0.0140789825
24.89477521,-0.01451197813
24.91401383,-0.01494935795
24.93325245,-0.01544354572
24.95249107,-0.01598737094
24.97172969,-0.01654469146
24.99096831,-0.01710870425
25.01020693,-0.0177147884
25.02944555,-0.01836941546
25.04868417,-0.01904051807
25.06792279,-0.0197048026
25.08716141,-0.02039852827
25.10640003,-0.0211379383
25.12563865,-0.02190579835
25.14487728,-0.02267157161
25.1641159,-0.02343276226
25.18335452,-0.0242276448
25.20259314,-0.02505088567
25.22183176,-0.0258617295
25.24107038,-0.02667058776
25.260309,-0.02750783069
25.27954762,-0.02836804794
25.29878624,-0.02922408554
25.31802486,-0.03007788432
25.33726348,-0.03092760262
25.3565021,-0.03177821125
25.37574072,-0.03263649122
25.39497934,-0.03347982395
25.41421797,-0.03427034829
25.43345659,-0.03505929302
25.45269521,-0.03588242924
25.47193383,-0.0366704555
25.49117245,-0.03740365847
25.51041107,-0.03811542714
25.52964969,-0.03883265553
25.54888831,-0.03951017483
25.56812693,-0.04012374578
25.58736555,-0.04070424317
25.60660417,-0.04127202164
25.62584279,-0.04181527966
25.64508141,-0.04228945046
25.66432003,-0.0426888537
25.68355866,-0.0430640563
25.70279728,-0.04341475073
25.7220359,-0.04370432707
25.74127452,-0.04394723592
25.76051314,-0.0441615093
25.77975176,-0.04436546653
25.79899038,-0.04453670196
25.818229,-0.04466863476
25.83746762,-0.04476574933
25.85670624,-0.04485085248
25.87594486,-0.04493388899
25.89518348,-0.04500756458
25.9144221,-0.04504059547
25.93366072,-0.04505016933
25.95289935,-0.04506617336
25.97213797,-0.04507106592
25.99137659,-0.04508004546
26.01061521,-0.0450988161
26.02985383,-0.04512966589
26.04909245,-0.04514547446
26.06833107,-0.04516181699
26.08756969,-0.04518857325
26.10680831,-0.04520750933
26.12604693,-0.04524099934
26.14528555,-0.04528329502
26.16452417,-0.0453498235
26.18376279,-0.04545277779
26.20300141,-0.0455950211
26.22224004,-0.04576586412
26.24147866,-0.04595957269
26.26071728,-0.04619678096
26.2799559,-0.04647561955
26.29919452,-0.04677650334
26.31843314,-0.04707438806
26.33767176,-0.0473603792
26.35691038,-0.04765857091
26.376149,-0.04797495913
26.39538762,-0.0482772532
26.41462624,-0.04853610207
26.43386486,-0.04877348937
26.45310348,-0.04899718298
26.4723421,-0.04921123402
26.49158073,-0.04943277675
26.51081935,-0.04969406255
26.53005797,-0.04997763032
26.54929659,-0.05025558925
26.56853521,-0.05050339771
26.58777383,-0.05072678297
26.60701245,-0.05095230694
26.62625107,-0.05119273972
26.64548969,-0.05141221693
26.66472831,-0.05159263091
26.68396693,-0.05173529067
26.70320555,-0.05185319356
26.72244417,-0.05194838549
26.74168279,-0.05201997155
26.76092142,-0.0520956309
26.78016004,-0.05212775235
26.79939866,-0.0521207479
26.81863728,-0.05208061018
26.8378759,-0.05200843693
26.85711452,-0.05192727543
26.87635314,-0.05183361455
26.89559176,-0.0517101628
26.91483038,-0.05151479089
26.934069,-0.0513152968
26.95330762,-0.05112886606
26.97254624,-0.05091913816
26.99178486,-0.0506786972
27.01102348,-0.05042817047
27.03026211,-0.05015646816
27.04950073,-0.04985328663
27.06873935,-0.04952423783
27.08797797,-0.04915412709
27.10721659,-0.0487721029
27.12645521,-0.0484218987
27.14569383,-0.04807227755
27.16493245,-0.04771078981
27.18417107,-0.04736909741
27.20340969,-0.04706232605
27.22264831,-0.04677581698
27.24188693,-0.0464653468
27.26112555,-0.04614032589
27.28036417,-0.04583621821
27.2996028,-0.04552370225
27.31884142,-0.04522090899
27.33808004,-0.0449062585
27.35731866,-0.04460816886
27.37655728,-0.04431314352
27.3957959,-0.04399993994
27.41503452,-0.04363216647
27.43427314,-0.04326186611
27.45351176,-0.04292147963
27.47275038,-0.04257063174
27.491989,-0.0421988021
27.51122762,-0.04181255879
27.53046624,-0.04142256023
27.54970486,-0.04102896421
27.56894349,-0.04063805249
27.58818211,-0.0402581093
27.60742073,-0.03987727994
27.62665935,-0.03952131525
27.64589797,-0.03917617946
27.66513659,-0.03881773797
27.68437521,-0.03849029181
27.70361383,-0.03821416022
27.72285245,-0.03798000353
27.74209107,-0.03776166288
27.76132969,-0.03756030055
27.78056831,-0.03739648402
27.79980693,-0.0372553262
27.81904555,-0.03714395687
27.83828418,-0.0370407648
27.8575228,-0.03694100587
27.87676142,-0.0368662307
27.89600004,-0.03680142174
27.91523866,-0.03670525427
27.93447728,-0.0366029607
27.9537159,-0.03654194162
27.97295452,-0.03648830715
27.99219314,-0.03640457593
28.01143176,-0.03627553575
28.03067038,-0.03613767478
28.049909,-0.03599089966
28.06914762,-0.03581330805
28.08838624,-0.0356171527
28.10762487,-0.03538327977
28.12686349,-0.03510942643
28.14610211,-0.03476419561
28.16534073,-0.03434003087
28.18457935,-0.03384002302
28.20381797,-0.03331074065
28.22305659,-0.0327436842
28.24229521,-0.03206699104
28.26153383,-0.03130511732
28.28077245,-0.03052194759
28.30001107,-0.02966356798
28.31924969,-0.02876528582
28.33848831,-0.02783290026
28.35772693,-0.02684940327
28.37696556,-0.0258374112
28.39620418,-0.0247589479
28.4154428,-0.02360720406
28.43468142,-0.02243153708
28.45392004,-0.02127348681
28.47315866,-0.02013303387
28.49239728,-0.01896914471
28.5116359,-0.01777717649
28.53087452,-0.01659417064
28.55011314,-0.01540632489
28.56935176,-0.01419455717
28.58859038,-0.01296843253
28.607829,-0.01172154839
28.62706762,-0.01048821971
28.64630625,-0.009297017637
28.66554487,-0.008108243211
28.68478349,-0.006926606632
28.70402211,-0.005787850746
28.72326073,-0.004691211249
28.74249935,-0.003640999435
28.76173797,-0.002625318168
28.78097659,-0.001617159233
28.80021521,-0.0006217747543
28.81945383,0.0003298784621
28.83869245,0.00127885947
28.85793107,0.002175392508
28.87716969,0.002989290139
28.89640831,0.003747066301
28.91564694,0.004506367446
28.93488556,0.005241025953
28.95412418,0.005888178673
28.9733628,0.006465984825
28.99260142,0.007022405575
29.01184004,0.007576948535
29.03107866,0.008102644484
29.05031728,0.008606698247
29.0695559,0.00913038635
29.08879452,0.009641690204
29.10803314,0.0101375491
29.12727176,0.01059062202
29.14651038,0.01101632021
29.165749,0.01145577799
29.18498763,0.01189374733
29.20422625,0.0123046987
29.22346487,0.01268209059
29.24270349,0.01304231119
29.26194211,0.01340333172
29.28118073,0.01373634502
29.30041935,0.01403657917
29.31965797,0.01433953065
29.33889659,0.0146420932
29.35813521,0.01495168722
29.37737383,0.01527939218
29.39661245,0.01562207437
29.41585107,0.01598577126
29.43508969,0.01634534314
29.45432832,0.01666925364
29.47356694,0.01694489035
29.49280556,0.01721584364
29.51204418,0.01748190772
29.5312828,0.01767118971
29.55052142,0.01781134419
29.56976004,0.01790308395
29.58899866,0.0179724005
29.60823728,0.0180084716
29.6274759,0.01798848094
29.64671452,0.01792330491
29.66595314,0.0178439038
29.68519176,0.01775579737
29.70443038,0.01764472338
29.72366901,0.0175159064
29.74290763,0.0173813737
29.76214625,0.01725831502
29.78138487,0.01713172512
29.80062349,0.01698362474
29.81986211,0.0168336127
29.83910073,0.01669240367
29.85833935,0.01657139209
29.87757797,0.0164250065
29.89681659,0.01625538708
29.91605521,0.01612670159
29.93529383,0.01603332303
29.95453245,0.01596707904
29.97377107,0.0159092717
29.9930097,0.0158942988
30.01224832,0.01593490106
30.03148694,0.01599952911
30.05072556,0.01606578604
30.06996418,0.01614365078
30.0892028,0.01626957599
30.10844142,0.01642507099
30.12768004,0.01658166497
30.14691866,0.0167424346
30.16615728,0.01690635424
30.1853959,0.01706016368
30.20463452,0.01717853469
30.22387314,0.01729056377
30.24311176,0.01740183046
30.26235039,0.01750067314
30.28158901,0.01756727589
30.30082763,0.01760152924
30.32006625,0.01760424666
30.33930487,0.01759810337
30.35854349,0.01758593843
30.37778211,0.01754434219
30.39702073,0.01747029343
30.41625935,0.01740168926
30.43549797,0.01732130033
30.45473659,0.01718348701
30.47397521,0.01698473016
30.49321383,0.0167643413
30.51245245,0.01653436336
30.53169108,0.01627556699
30.5509297,0.01598586905
30.57016832,0.0156657617
30.58940694,0.01534197528
30.60864556,0.01502048354
30.62788418,0.01467414082
30.6471228,0.01429613621
30.66636142,0.013926839
30.68560004,0.0135626268
30.70483866,0.01317097706
30.72407728,0.0127437076
30.7433159,0.01229155173
30.76255452,0.01185332168
30.78179314,0.01143593201
30.80103177,0.01102225162
30.82027039,0.01061387991
30.83950901,0.0102324482
30.85874763,0.009889364836
30.87798625,0.009579525198
30.89722487,0.009300494844
30.91646349,0.009081992597
30.93570211,0.008933660343
30.95494073,0.008819727674
30.97417935,0.008710873263
30.99341797,0.008628293376
31.01265659,0.008597733462
31.03189521,0.008626493484
31.05113383,0.008695158196
31.07037246,0.008786098152
31.08961108,0.008924437738
31.1088497,0.009121042857
31.12808832,0.009359795714
31.14732694,0.009633866902
31.16656556,0.009956794547
31.18580418,0.01037094604
31.2050428,0.01080657639
31.22428142,0.01124370393
31.24352004,0.0116708802
31.26275866,0.01214077035
31.28199728,0.01265784374
31.3012359,0.01315238159
31.32047452,0.01366017181
31.33971315,0.01417552462
31.35895177,0.01471331609
31.37819039,0.01524436967
31.39742901,0.01576374651
31.41666763,0.01629153918
31.43590625,0.01682774678
31.45514487,0.01734276527
31.47438349,0.01780757995
31.49362211,0.01824243476
31.51286073,0.01865835322
31.53209935,0.01905500856
31.55133797,0.01941824594
31.57057659,0.01973681607
31.58981521,0.02003030433
31.60905384,0.02029519972
31.62829246,0.02054851493
31.64753108,0.02077987918
31.6667697,0.02099631908
31.68600832,0.02120841173
31.70524694,0.02139871964
31.72448556,0.02157396568
31.74372418,0.02172988594
31.7629628,0.02187725123
31.78220142,0.02200825356
31.80144004,0.02212058355
31.82067866,0.02221859556
31.83991728,0.02231758741
31.8591559,0.02244844285
31.87839453,0.02258215727
31.89763315,0.02271049599
31.91687177,0.02282682095
31.93611039,0.02294516414
31.95534901,0.02306302848
31.97458763,0.02316556837
31.99382625,0.02326668394
32.01306487,0.02336495557
32.03230349,0.02345681764
32.05154211,0.02353361897
32.07078073,0.02359502485
32.09001935,0.02365224652
32.10925797,0.02372729138
32.12849659,0.02379029909
32.14773522,0.02382673428
32.16697384,0.02384275452
32.18621246,0.0238411293
32.20545108,0.02391096827
32.2246897,0.02393874477
32.24392832,0.02391967618
32.26316694,0.02392662863
32.28240556,0.02389800626
32.30164418,0.02381668191
32.3208828,0.02371554791
32.34012142,0.02359412164
32.35936004,0.02347888947
32.37859866,0.02341671692
32.39783728,0.0233399848
32.41707591,0.02320419428
32.43631453,0.02308421439
32.45555315,0.02294284427
32.47479177,0.02273256099
32.49403039,0.02249109996
32.51326901,0.02217663446
32.53250763,0.0218708038
32.55174625,0.02158488909
32.57098487,0.02131518121
32.59022349,0.02098699995
32.60946211,0.02064372234
32.62870073,0.02033113739
32.64793935,0.02001543783
32.66717797,0.0196730714
32.6864166,0.01941126471
32.70565522,0.01910901236
32.72489384,0.01886469686
32.74413246,0.01857325865
32.76337108,0.01830672519
32.7826097,0.01810374259
32.80184832,0.01785571414
32.82108694,0.01757654105
32.84032556,0.01731550623
32.85956418,0.01709511468
32.8788028,0.01697128977
32.89804142,0.01690420141
32.91728004,0.01686927393
32.93651866,0.01688489419
32.95575729,0.01696843111
32.97499591,0.01708316842
32.99423453,0.01725278299
33.01347315,0.01742317782
33.03271177,0.01765659878
33.05195039,0.01785415006
33.07118901,0.01812235496
33.09042763,0.01837221865
33.10966625,0.01863089589
33.12890487,0.01890364659
33.14814349,0.01920866275
33.16738211,0.01951327619
33.18662073,0.01985317958
33.20585936,0.02018957748
33.22509798,0.02047186669
33.2443366,0.02074625431
33.26357522,0.02103429865
33.28281384,0.02138193713
33.30205246,0.02171616974
33.32129108,0.02208129583
33.3405297,0.02245579025
33.35976832,0.02278571101
33.37900694,0.0231192689
33.39824556,0.02340679769
33.41748418,0.0237004969
33.4367228,0.02398663029
33.45596142,0.02423200058
33.47520005,0.02445344867
33.49443867,0.02466037523
33.51367729,0.02489568679
33.53291591,0.02511934702
33.55215453,0.02536575193
33.57139315,0.02565879784
33.59063177,0.02599170657
33.60987039,0.02629256952
33.62910901,0.02658305365
33.64834763,0.02690865295
33.66758625,0.02724329101
33.68682487,0.02759310412
33.70606349,0.02794861346
33.72530211,0.02826493882
33.74454074,0.02857710925
33.76377936,0.02876651993
33.78301798,0.02899443763
33.8022566,0.02921671949
33.82149522,0.02942821885
33.84073384,0.02963470936
33.85997246,0.0298233696
33.87921108,0.02993734586
33.8984497,0.03003950186
33.91768832,0.03015175047
33.93692694,0.03025509435
33.95616556,0.03035344475
33.97540418,0.03047059075
33.9946428,0.03056559661
34.01388143,0.03069507266
34.03312005,0.03076120516
34.05235867,0.03079251207
34.07159729,0.03079292466
34.09083591,0.03078975181
34.11007453,0.03078135836
34.12931315,0.03076061909
34.14855177,0.03074875537
34.16779039,0.03070918209
34.18702901,0.03067576545
34.20626763,0.03064886797
34.22550625,0.03059639596
34.24474487,0.03055503231
34.26398349,0.03051294699
34.28322212,0.03052165688
34.30246074,0.03052125707
34.32169936,0.03049080033
34.34093798,0.03050074476
34.3601766,0.03051997095
34.37941522,0.03049811479
34.39865384,0.03046033236
34.41789246,0.03045229124
34.43713108,0.03040989931
34.4563697,0.03039229463
34.47560832,0.03040325331
34.49484694,0.03040901399
34.51408556,0.03042351424
34.53332418,0.03046344976
34.55256281,0.03049759214
34.57180143,0.03053691752
34.59104005,0.03059162906
34.61027867,0.03063667739
34.62951729,0.0306978558
34.64875591,0.03078360271
34.66799453,0.03090174633
34.68723315,0.03105027854
34.70647177,0.03117607999
34.72571039,0.0312913461
34.74494901,0.03141260939
34.76418763,0.03149062059
34.78342625,0.03156948807
34.80266487,0.031610842
34.8219035,0.03164687706
34.84114212,0.03171696653
34.86038074,0.03184364667
34.87961936,0.03199945884
34.89885798,0.03206593968
34.9180966,0.03222524596
34.93733522,0.03231798313
34.95657384,0.03239229225
34.97581246,0.03241093833
34.99505108,0.03247223344
35.0142897,0.0326153703
35.03352832,0.03270370692
35.05276694,0.0328060343
35.07200556,0.03289507419
35.09124419,0.03284160302
35.11048281,0.03286095238
35.12972143,0.03279956705
35.14896005,0.03267435566
35.16819867,0.03266922975
35.18743729,0.03264569547
35.20667591,0.03265854295
35.22591453,0.03263774885
35.24515315,0.03253366306
35.26439177,0.03236556693
35.28363039,0.03216308669
35.30286901,0.03206578942
35.32210763,0.0319258798
35.34134625,0.03175453864
35.36058488,0.03155493856
35.3798235,0.03126004238
35.39906212,0.03102448021
35.41830074,0.03075431411
35.43753936,0.0304567505
35.45677798,0.03016476531
35.4760166,0.02981067536
35.49525522,0.02948025714
35.51449384,0.0291326379
35.53373246,0.02879873537
35.55297108,0.02835812564
35.5722097,0.02791826859
35.59144832,0.02748564197
35.61068694,0.02709506899
35.62992557,0.0266681408
35.64916419,0.02628877571
35.66840281,0.02592951313
35.68764143,0.02550301512
35.70688005,0.02505947331
35.72611867,0.02461916919
35.74535729,0.02421786546
35.76459591,0.02380552696
35.78383453,0.02340812894
35.80307315,0.02298336971
35.82231177,0.02262519977
35.84155039,0.02226438723
35.86078901,0.02195341637
35.88002763,0.02164174835
35.89926626,0.02133878103
35.91850488,0.02104037034
35.9377435,0.02072932933
35.95698212,0.0205185844
35.97622074,0.02025305647
35.99545936,0.02006627825
36.01469798,0.01984330872
36.0339366,0.01961315182
36.05317522,0.01939594489
36.07241384,0.01920173428
36.09165246,0.01901368249
36.11089108,0.01881945859
36.1301297,0.01865373018
36.14936832,0.0184595406
36.16860695,0.01827911579
36.18784557,0.01809483153
36.20708419,0.01793754464
36.22632281,0.0178475138
36.24556143,0.01779791483
36.26480005,0.01777724655
36.28403867,0.01779081581
36.30327729,0.01785069254
36.32251591,0.01795812948
36.34175453,0.0180687655
36.36099315,0.01814524978
36.38023177,0.01819010822
36.39947039,0.01820756024
36.41870901,0.01818657365
36.43794764,0.01821500376
36.45718626,0.01826405472
36.47642488,0.01835350359
36.4956635,0.01838735979
36.51490212,0.01849411827
36.53414074,0.01860414717
36.55337936,0.01872152655
36.57261798,0.01877179149
36.5918566,0.01883766664
36.61109522,0.01887143857
36.63033384,0.01892771387
36.64957246,0.01894713431
36.66881108,0.01899040568
36.6880497,0.01904761096
36.70728833,0.01905797712
36.72652695,0.0190059101
36.74576557,0.01892970389
36.76500419,0.01886164157
36.78424281,0.01879112333
36.80348143,0.01867238854
36.82272005,0.0184542727
36.84195867,0.01820777073
36.86119729,0.01793978208
36.88043591,0.01763078938
36.89967453,0.01730244136
36.91891315,0.01698153135
36.93815177,0.01664734928
36.95739039,0.01629739603
36.97662902,0.01591338602
36.99586764,0.01552924994
37.01510626,0.01515745833
37.03434488,0.01479434531
37.0535835,0.01440577364
37.07282212,0.01397700274
37.09206074,0.01353425236
37.11129936,0.01310989864
37.13053798,0.01270413789
37.1497766,0.01229750075
37.16901522,0.01191925939
37.18825384,0.01159328237
37.20749246,0.01130606126
37.22673108,0.01106850355
37.24596971,0.0108747493
37.26520833,0.0106969185
37.28444695,0.01055587378
37.30368557,0.01044598073
37.32292419,0.01030251908
37.34216281,0.01017223413
37.36140143,0.01009991143
37.38064005,0.01001650868
37.39987867,0.009981703576
37.41911729,0.009979463781
37.43835591,0.009988864137
37.45759453,0.01004350165
37.47683315,0.01006906875
37.49607177,0.01008273434
37.5153104,0.01010156285
37.53454902,0.01014853188
37.55378764,0.01018995031
37.57302626,0.01018199021
37.59226488,0.0101860015
37.6115035,0.01021336911
37.63074212,0.01025182403
37.64998074,0.01030012166
37.66921936,0.01036586043
37.68845798,0.01044068127
37.7076966,0.01055377016
37.72693522,0.0106515641
37.74617384,0.01072504927
37.76541246,0.01075745717
37.78465109,0.01073242513
37.80388971,0.0106573889
37.82312833,0.01051281055
37.84236695,0.01033828242
37.86160557,0.01015516335
37.88084419,0.009962683788
37.90008281,0.009759476263
37.91932143,0.009534778586
37.93856005,0.009307489269
37.95779867,0.009072639632
37.97703729,0.008791349447
37.99627591,0.008429824969
38.01551453,0.007989393543
38.03475315,0.007496791545
38.05399178,0.006961159479
38.0732304,0.006376613325
38.09246902,0.005749517822
38.11170764,0.005160317656
38.13094626,0.004560759303
38.15018488,0.003956431598
38.1694235,0.003305068358
38.18866212,0.002686869504
38.20790074,0.002016012821
38.22713936,0.001298868966
38.24637798,0.0005305812375
38.2656166,-0.0003168755125
38.28485522,-0.001191019424
38.30409384,-0.002116465273
38.32333247,-0.003054597974
38.34257109,-0.003972217703
38.36180971,-0.004890637178
38.38104833,-0.005802523252
38.40028695,-0.00672354921
38.41952557,-0.007681753182
38.43876419,-0.008629759783
38.45800281,-0.009639618388
38.47724143,-0.01068100219
38.49648005,-0.01175407015
38.51571867,-0.01288954409
38.53495729,-0.01398844317
38.55419591,-0.01500890816
38.57343453,-0.01601445859
38.59267316,-0.01694881757
38.61191178,-0.01784589046
38.6311504,-0.01868086946
38.65038902,-0.01950266936
38.66962764,-0.02029189816
38.68886626,-0.021083188
38.70810488,-0.02187189664
38.7273435,-0.02261249687
38.74658212,-0.02332481921
38.76582074,-0.02402559412
38.78505936,-0.02472222
38.80429798,-0.02532296099
38.8235366,-0.02586721377
38.84277522,-0.02634509276
38.86201385,-0.02682281004
38.88125247,-0.02724819816
38.90049109,-0.02760996313
38.91972971,-0.02795391311
38.93896833,-0.02822109306
38.95820695,-0.02844076494
38.97744557,-0.02867771017
38.99668419,-0.02888557365
39.01592281,-0.02910029335
39.03516143,-0.02932066609
39.05440005,-0.0294619613
39.07363867,-0.0295873305
39.09287729,-0.02968370604
39.11211591,-0.02971237841
39.13135454,-0.02971650424
39.15059316,-0.0297010111
39.16983178,-0.02967234649
39.1890704,-0.02963723297
39.20830902,-0.02955781533
39.22754764,-0.029515052
39.24678626,-0.02942675956
39.26602488,-0.02934433303
39.2852635,-0.02918500797
39.30450212,-0.02893574939
39.32374074,-0.02862023316
39.34297936,-0.02826694916
39.36221798,-0.02785283477
39.3814566,-0.02740632652
39.40069523,-0.02689958437
39.41993385,-0.02639763678
39.43917247,-0.02589863607
39.45841109,-0.02539478955
39.47764971,-0.02487446172
39.49688833,-0.02431582215
39.51612695,-0.02374116432
39.53536557,-0.02314110223
39.55460419,-0.02248756734
39.57384281,-0.02182546302
39.59308143,-0.02114213175
39.61232005,-0.02046092962
39.63155867,-0.01975181486
39.65079729,-0.0190354518
39.67003592,-0.01832036401
39.68927454,-0.01759544106
39.70851316,-0.01690157478
39.72775178,-0.01617718851
39.7469904,-0.0155269158
39.76622902,-0.01492629365
39.78546764,-0.01441637601
39.80470626,-0.01388067667
39.82394488,-0.01324270563
39.8431835,-0.01273962685
39.86242212,-0.01229237095
39.88166074,-0.0117800901
39.90089936,-0.01149714622
39.92013798,-0.01107307423
39.93937661,-0.01094061361
39.95861523,-0.01069823784
39.97785385,-0.01053197622
39.99709247,-0.01039327671
40.01633109,-0.0103321574
40.03556971,-0.01027256958
40.05480833,-0.01012107317
40.07404695,-0.009969807164
40.09328557,-0.009857930046
40.11252419,-0.009896841689
40.13176281,-0.009929096009
40.15100143,-0.009835741202
40.17024005,-0.009747188909
40.18947867,-0.009739933808
40.2087173,-0.009952172265
40.22795592,-0.009970158096
40.24719454,-0.01008685505
40.26643316,-0.0102057611
40.28567178,-0.01022660151
40.3049104,-0.01019965131
40.32414902,-0.01014179074
40.34338764,-0.01009078365
40.36262626,-0.01007370484
40.38186488,-0.009972637352
40.4011035,-0.009897753298
40.42034212,-0.009862905
40.43958074,-0.009795471783
40.45881936,-0.009741056255
40.47805799,-0.009708904768
40.49729661,-0.009623357393
40.51653523,-0.009528648558
40.53577385,-0.009440060755
40.55501247,-0.009330154116
40.57425109,-0.009224253853
40.59348971,-0.00912049451
40.61272833,-0.008963489381
40.63196695,-0.008764161283
40.65120557,-0.008568581508
40.67044419,-0.008398229346
40.68968281,-0.00826579906
40.70892143,-0.008116000438
40.72816005,-0.007889060624
40.74739868,-0.007663796183
40.7666373,-0.007457588066
40.78587592,-0.007275493189
40.80511454,-0.007053978687
40.82435316,-0.006929245282
40.84359178,-0.00681762138
40.8628304,-0.0066842052
40.88206902,-0.006626944685
40.90130764,-0.006579637574
40.92054626,-0.00657396402
40.93978488,-0.006582231619
40.9590235,-0.006597433564
40.97826212,-0.006644849926
40.99750074,-0.006677804187
41.01673937,-0.006730302487
41.03597799,-0.006845272834
41.05521661,-0.006885749612
41.07445523,-0.007020211251
41.09369385,-0.00719714427
41.11293247,-0.00737577735
41.13217109,-0.007551384789
41.15140971,-0.007797164868
41.17064833,-0.008060413221
41.18988695,-0.008258265757
41.20912557,-0.008633958604
41.22836419,-0.008936268434
41.24760281,-0.009288773477
41.26684143,-0.009654226452
41.28608006,-0.01003276937
41.30531868,-0.01046925208
41.3245573,-0.01084581853
41.34379592,-0.0114068758
41.36303454,-0.01185558511
41.38227316,-0.01235554843
41.40151178,-0.01291743745
41.4207504,-0.01349161933
41.43998902,-0.01408138162
41.45922764,-0.01463561417
41.47846626,-0.01520303078
41.49770488,-0.01577641788
41.5169435,-0.01649361665
41.53618212,-0.01712471266
41.55542075,-0.01791061684
41.57465937,-0.01870891456
41.59389799,-0.01939223317
41.61313661,-0.02010800449
41.63237523,-0.02076892265
41.65161385,-0.02134749839
41.67085247,-0.02201165249
41.69009109,-0.02269674918
41.70932971,-0.02340885413
41.72856833,-0.0240659444
41.74780695,-0.02463599221
41.76704557,-0.02524586967
41.78628419,-0.02591894981
41.80552281,-0.02661671903
41.82476144,-0.02715287505
41.84400006,-0.02775941922
41.86323868,-0.02824250907
41.8824773,-0.02870366882
41.90171592,-0.02916944586
41.92095454,-0.02956229279
41.94019316,-0.0299167017
41.95943178,-0.03024520175
41.9786704,-0.03047880463
41.99790902,-0.03072680688
42.01714764,-0.03098780762
42.03638626,-0.03117232934
42.05562488,-0.03134558435
42.0748635,-0.03138407693
42.09410213,-0.0313408847
42.11334075,-0.03125122687
42.13257937,-0.03100770899
42.15181799,-0.030772769
42.17105661,-0.03046747523
42.19029523,-0.03008451396
42.20953385,-0.02949988978
42.22877247,-0.02904222773
42.24801109,-0.0282697797
42.26724971,-0.02751494983
42.28648833,-0.02673523354
42.30572695,-0.02588752931
42.32496557,-0.02492860952
42.34420419,-0.02395251135
42.36344282,-0.02279823161
42.38268144,-0.02160234706
42.40192006,-0.02046992726
42.42115868,-0.01917874893
42.4403973,-0.01779777212
42.45963592,-0.01635640314
42.47887454,-0.01505677442
42.49811316,-0.0133203496
42.51735178,-0.01168868024
42.5365904,-0.01038871164
42.55582902,-0.008854752142
42.57506764,-0.007580434011
42.59430626,-0.005911037393
42.61354488,-0.004337990676
42.63278351,-0.002786133606
42.65202213,-0.001295641035
42.67126075,0.0004871225156
42.69049937,0.002066667492
42.70973799,0.003511920363
42.72897661,0.005001836838
42.74821523,0.006523405304
42.76745385,0.007754013638
42.78669247,0.008997196412
42.80593109,0.01027849599
42.82516971,0.01157004382
42.84440833,0.01288513383
42.86364695,0.01421440238
42.88288557,0.01528715666
42.9021242,0.0165043548
42.92136282,0.01770044446
42.94060144,0.0186427491
42.95984006,0.01958231107
42.97907868,0.02052591103
42.9983173,0.02137404341
43.01755592,0.02223955268
43.03679454,0.02298777695
43.05603316,0.02365536543
43.07527178,0.02428360824
43.0945104,0.02478397643
43.11374902,0.02518840382
43.13298764,0.0255552641
43.15222626,0.02578386086
43.17146489,0.02590304199
43.19070351,0.02584498606
43.20994213,0.02567392972
43.22918075,0.02547403667
43.24841937,0.02506274335
43.26765799,0.02469158068
43.28689661,0.02420913447
43.30613523,0.02363782363
43.32537385,0.02275054136
43.34461247,0.02184830035
43.36385109,0.02108529192
43.38308971,0.02012059243
43.40232833,0.01905538503
43.42156695,0.01787389718
43.44080558,0.01701106245
43.4600442,0.01598676044
43.47928282,0.01480298259
43.49852144,0.01375437734
43.51776006,0.01256064774
43.53699868,0.01131199906
43.5562373,0.01026715085
43.57547592,0.009062125682
43.59471454,0.007890172232
43.61395316,0.006782892916
43.63319178,0.005533439014
43.6524304,0.004388360866
43.67166902,0.00329148265
43.69090764,0.002216360973
43.71014627,0.00114135153
43.72938489,9.723698825e-005
43.74862351,-0.0008568961468
43.76786213,-0.00173522045
43.78710075,-0.003095247814
43.80633937,-0.004035284806
43.82557799,-0.005070754135
43.84481661,-0.006086991337
43.86405523,-0.007070585524
43.88329385,-0.008066337069
43.90253247,-0.008920935803
43.92177109,-0.009888685678
43.94100971,-0.01070652068
43.96024833,-0.01156587251
43.97948696,-0.01230934939
43.99872558,-0.01303686441
44.0179642,-0.01392005282
44.03720282,-0.01482150988
44.05644144,-0.01563244886
44.07568006,-0.01646253057
44.09491868,-0.01736298722
44.1141573,-0.0181624016
44.13339592,-0.01891616589
44.15263454,-0.01969163072
44.17187316,-0.02036324614
44.19111178,-0.02092154607
44.2103504,-0.02184350623
44.22958903,-0.02258071572
44.24882765,-0.02328204746
44.26806627,-0.02413424684
44.28730489,-0.02502806704
44.30654351,-0.02584149568
44.32578213,-0.02664126148
44.34502075,-0.02730647557
44.36425937,-0.02817018599
44.38349799,-0.02902289424
44.40273661,-0.02986697694
44.42197523,-0.03063951029
44.44121385,-0.03164266901
44.46045247,-0.03265765842
44.47969109,-0.03368555604
44.49892972,-0.03461488804
44.51816834,-0.03560706011
44.53740696,-0.03638518886
44.55664558,-0.0373751772
44.5758842,-0.03837606093
44.59512282,-0.03943657191
44.61436144,-0.0402460519
44.63360006,-0.04125461464
44.65283868,-0.04221164067
44.6720773,-0.04315280178
44.69131592,-0.04392793088
44.71055454,-0.04479927686
44.72979316,-0.0455387425
44.74903178,-0.04645279216
44.76827041,-0.04719445108
44.78750903,-0.04793359108
44.80674765,-0.04871658463
44.82598627,-0.04949297728
44.84522489,-0.05016155016
44.86446351,-0.05086366166
44.88370213,-0.05154151385
44.90294075,-0.05219495447
44.92217937,-0.05276516767
44.94141799,-0.05340308465
44.96065661,-0.05387602365
44.97989523,-0.05439325387
44.99913385,-0.05491191407
45.01837247,-0.05541601677
45.0376111,-0.05593370733
45.05684972,-0.05642325168
45.07608834,-0.05688632813
45.09532696,-0.05726526616
45.11456558,-0.05770874364
45.1338042,-0.05808213615
45.15304282,-0.0583910157
45.17228144,-0.05865136264
45.19152006,-0.05890358753
45.21075868,-0.05899361108
45.2299973,-0.05915606255
45.24923592,-0.059334203
45.26847454,-0.05943215122
45.28771316,-0.05947975971
45.30695179,-0.05959045517
45.32619041,-0.05957488734
45.34542903,-0.05955111269
45.36466765,-0.05946004037
45.38390627,-0.05929903862
45.40314489,-0.05917445019
45.42238351,-0.05898958276
45.44162213,-0.05879295441
45.46086075,-0.05855895612
45.48009937,-0.05822055894
45.49933799,-0.05788125346
45.51857661,-0.05745458546
45.53781523,-0.05701676297
45.55705385,-0.05661451076
45.57629248,-0.05615346462
45.5955311,-0.05567957719
45.61476972,-0.05518243534
45.63400834,-0.0545846054
45.65324696,-0.05390653791
45.67248558,-0.05321554759
45.6917242,-0.05231854829
45.71096282,-0.05149354986
45.73020144,-0.0506267144
45.74944006,-0.04964616382
45.76867868,-0.04860934948
45.7879173,-0.04753770129
45.80715592,-0.04641052809
45.82639454,-0.04526169008
45.84563317,-0.04413700286
45.86487179,-0.04295105822
45.88411041,-0.04177453471
45.90334903,-0.04042449093
45.92258765,-0.03910568765
45.94182627,-0.0376535758
45.96106489,-0.03640080866
45.98030351,-0.03507476347
45.99954213,-0.0338464822
46.01878075,-0.03248398304
46.03801937,-0.03128536518
46.05725799,-0.03002312039
46.07649661,-0.02867325174
46.09573523,-0.02753649661
46.11497386,-0.02630581007
46.13421248,-0.02514711748
46.1534511,-0.02389565117
46.17268972,-0.0226818408
46.19192834,-0.02155565119
46.21116696,-0.02039880058
46.23040558,-0.01927070692
46.2496442,-0.01811030323
46.26888282,-0.01695427501
46.28812144,-0.01582369245
46.30736006,-0.01471949926
46.32659868,-0.013656818
46.3458373,-0.01261944351
46.36507592,-0.01162403801
46.38431455,-0.01064482293
46.40355317,-0.009634134291
46.42279179,-0.008618626856
46.44203041,-0.007550061117
46.46126903,-0.006393170087
46.48050765,-0.005160923806
46.49974627,-0.003915831082
46.51898489,-0.002677725939
46.53822351,-0.001463498717
46.55746213,-0.0003158410178
46.57670075,0.0008377486264
46.59593937,0.002017179637
46.61517799,0.003229043796
46.63441661,0.004502665551
46.65365524,0.00579311532
46.67289386,0.007110396091
46.69213248,0.008457518153
46.7113711,0.009848519617
46.73060972,0.01120361462
46.74984834,0.01246368561
46.76908696,0.0136630543
46.78832558,0.0148405237
46.8075642,0.01596725086
46.82680282,0.01708363634
46.84604144,0.01816810997
46.86528006,0.01929869076
46.88451868,0.02043273155
46.9037573,0.0215156488
46.92299593,0.02253993366
46.94223455,0.02354156796
46.96147317,0.0244965801
46.98071179,0.02535840859
46.99995041,0.02609568789
47.01918903,0.02673477439
47.03842765,0.02733779671
47.05766627,0.02790533715
47.07690489,0.02845312882
47.09614351,0.02900150953
47.11538213,0.02951697001
47.13462075,0.02995890533
47.15385937,0.03025861975
47.17309799,0.03047937789
47.19233662,0.03067170724
47.21157524,0.03062553564
47.23081386,0.030457622
47.25005248,0.03011451052
47.2692911,0.02963196874
47.28852972,0.0290262313
47.30776834,0.02844521201
47.32700696,0.02779269105
47.34624558,0.02696806467
47.3654842,0.0260545784
47.38472282,0.02507154622
47.40396144,0.02401651714
47.42320006,0.0228442261
47.44243868,0.02146435478
47.46167731,0.02006106692
47.48091593,0.01859053123
47.50015455,0.0169560512
47.51939317,0.0154097197
47.53863179,0.01356348388
47.55787041,0.01198860693
47.57710903,0.01024538393
47.59634765,0.008584257194
47.61558627,0.006695917688
47.63482489,0.005037759497
47.65406351,0.003074230624
47.67330213,0.001148275207
47.69254075,-0.000866923194
47.71177937,-0.002824599531
47.731018,-0.00460423125
47.75025662,-0.006531571975
47.76949524,-0.008247450564
47.78873386,-0.009856881249
47.80797248,-0.01128072992
47.8272111,-0.01282075609
47.84644972,-0.01411903506
47.86568834,-0.01528865043
47.88492696,-0.01621921833
47.90416558,-0.01715530643
47.9234042,-0.01797316513
47.94264282,-0.01869772577
47.96188144,-0.01937210589
47.98112006,-0.01985750166
48.00035869,-0.02005191063
48.01959731,-0.01998117884
48.03883593,-0.01972256716
48.05807455,-0.01914388554
48.07731317,-0.01822239891
