0,-0.009505357854
0.01924808671,-0.00866151031
0.03849617341,-0.008992585864
0.05774426012,-0.00902083211
0.07699234683,-0.008654417447
0.09624043353,-0.008304750479
0.1154885202,-0.008178818794
0.1347366069,-0.007885176025
0.1539846937,-0.007571071068
0.1732327804,-0.007271349742
0.1924808671,-0.007003087329
0.2117289538,-0.00684110674
0.2309770405,-0.00669211737
0.2502251272,-0.006626320501
0.2694732139,-0.006467554358
0.2887213006,-0.006251071768
0.3079693873,-0.006112516869
0.327217474,-0.006003502552
0.3464655607,-0.00596373614
0.3657136474,-0.005980730807
0.3849617341,-0.006041457552
0.4042098208,-0.006001343616
0.4234579075,-0.005959306953
0.4427059942,-0.005917010708
0.461954081,-0.005930803478
0.4812021677,-0.005985033959
0.5004502544,-0.006068744541
0.5196983411,-0.006181877075
0.5389464278,-0.006264467271
0.5581945145,-0.006286209755
0.5774426012,-0.006361781922
0.5966906879,-0.006413516713
0.6159387746,-0.006444216206
0.6351868613,-0.006479580492
0.654434948,-0.006587496266
0.6736830347,-0.006698202799
0.6929311214,-0.006725909734
0.7121792081,-0.006730475284
0.7314272948,-0.00671021882
0.7506753815,-0.006660837779
0.7699234683,-0.006615558242
0.789171555,-0.006594124528
0.8084196417,-0.006640447134
0.8276677284,-0.006615181026
0.8469158151,-0.006536463867
0.8661639018,-0.006470632738
0.8854119885,-0.006361505555
0.9046600752,-0.006292823384
0.9239081619,-0.006224868373
0.9431562486,-0.006189890381
0.9624043353,-0.006140838114
0.981652422,-0.005999844522
1.000900509,-0.005824445101
1.020148595,-0.005629928693
1.039396682,-0.005403850273
1.058644769,-0.005207698445
1.077892856,-0.005002694645
1.097140942,-0.004814943717
1.116389029,-0.004653757229
1.135637116,-0.004397013609
1.154885202,-0.00412627784
1.174133289,-0.003871095881
1.193381376,-0.003574527258
1.212629462,-0.00327048776
1.231877549,-0.002975924935
1.251125636,-0.002630730742
1.270373723,-0.002306732661
1.289621809,-0.002028950816
1.308869896,-0.001786816477
1.328117983,-0.001535087123
1.347366069,-0.001316755428
1.366614156,-0.00110898722
1.385862243,-0.000925377982
1.40511033,-0.0007105786124
1.424358416,-0.0005049106058
1.443606503,-0.0003155000649
1.46285459,-0.0001607310681
1.482102676,-5.351416004e-005
1.501350763,5.303676275e-006
1.52059885,5.826976313e-005
1.539846937,8.267640975e-005
1.559095023,3.51893555e-005
1.57834311,-3.04309708e-005
1.597591197,-7.354329972e-005
1.616839283,-0.000108959724
1.63608737,-0.0001801658072
1.655335457,-0.0002397891015
1.674583543,-0.0003023847807
1.69383163,-0.0004241248828
1.713079717,-0.0006056479918
1.732327804,-0.0008058594668
1.75157589,-0.001018502956
1.770823977,-0.001316065396
1.790072064,-0.001672961168
1.80932015,-0.001992552883
1.828568237,-0.002278026287
1.847816324,-0.002578467352
1.867064411,-0.002886623024
1.886312497,-0.003195258018
1.905560584,-0.003523148944
1.924808671,-0.00387681195
1.944056757,-0.00427176256
1.963304844,-0.004692169549
1.982552931,-0.005118129952
2.001801017,-0.005552801377
2.021049104,-0.006019134879
2.040297191,-0.00647351229
2.059545278,-0.006889687285
2.078793364,-0.007278026593
2.098041451,-0.007666319691
2.117289538,-0.00808607857
2.136537624,-0.00850585346
2.155785711,-0.008924366223
2.175033798,-0.009348940041
2.194281885,-0.009777791765
2.213529971,-0.01019526936
2.232778058,-0.0105952679
2.252026145,-0.01097452267
2.271274231,-0.01135338576
2.290522318,-0.01171737524
2.309770405,-0.01204369064
2.329018491,-0.01233128822
2.348266578,-0.01258809966
2.367514665,-0.01283021206
2.386762752,-0.01305993713
2.406010838,-0.01328245011
2.425258925,-0.01350472829
2.444507012,-0.01370003084
2.463755098,-0.01387342364
2.483003185,-0.01403717803
2.502251272,-0.01418609392
2.521499359,-0.01431666255
2.540747445,-0.0144237716
2.559995532,-0.01448586702
2.579243619,-0.01451976076
2.598491705,-0.01451777462
2.617739792,-0.01445744288
2.636987879,-0.01434334045
2.656235965,-0.01419743698
2.675484052,-0.01401695445
2.694732139,-0.01380735365
2.713980226,-0.01357335005
2.733228312,-0.0133120164
2.752476399,-0.01303267844
2.771724486,-0.01275883963
2.790972572,-0.01247588355
2.810220659,-0.01217891454
2.829468746,-0.01187386104
2.848716833,-0.01155964184
2.867964919,-0.0112209362
2.887213006,-0.01084679113
2.906461093,-0.01042474887
2.925709179,-0.009971442816
2.944957266,-0.009518199357
2.964205353,-0.009064772079
2.983453439,-0.008593112136
3.002701526,-0.008104354408
3.021949613,-0.007596192821
3.0411977,-0.00710237876
3.060445786,-0.006610358775
3.079693873,-0.006107185656
3.09894196,-0.005593639184
3.118190046,-0.005092497748
3.137438133,-0.004578237698
3.15668622,-0.004051681302
3.175934307,-0.003510008084
3.195182393,-0.002963711266
3.21443048,-0.002431329704
3.233678567,-0.001917412849
3.252926653,-0.001426103289
3.27217474,-0.0009562712781
3.291422827,-0.0004916250276
3.310670913,-3.165736374e-005
3.329919,0.0003837653064
3.349167087,0.0007602576147
3.368415174,0.001119789833
3.38766326,0.001470121763
3.406911347,0.001792211847
3.426159434,0.002085884277
3.44540752,0.002368679109
3.464655607,0.002650570547
3.483903694,0.002944197988
3.503151781,0.003216852542
3.522399867,0.003454373137
3.541647954,0.003671079488
3.560896041,0.003884079113
3.580144127,0.004101413555
3.599392214,0.004297065592
3.618640301,0.004472852435
3.637888387,0.004660002857
3.657136474,0.00485621189
3.676384561,0.005032311891
3.695632648,0.005177233391
3.714880734,0.005306186634
3.734128821,0.005445226429
3.753376908,0.005591075011
3.772624994,0.005737881148
3.791873081,0.005861648034
3.811121168,0.005974978705
3.830369255,0.00608287491
3.849617341,0.006186135022
3.868865428,0.006283880415
3.888113515,0.006379598351
3.907361601,0.006459674996
3.926609688,0.00656186957
3.945857775,0.006656558097
3.965105861,0.006723019703
3.984353948,0.006771127909
4.003602035,0.006809762821
4.022850122,0.00683526929
4.042098208,0.006867543571
4.061346295,0.006913628972
4.080594382,0.006973706529
4.099842468,0.007038498365
4.119090555,0.00709570083
4.138338642,0.00714199837
4.157586729,0.007178284816
4.176834815,0.007227320603
4.196082902,0.007295374545
4.215330989,0.007368731257
4.234579075,0.007434017824
4.253827162,0.007475607832
4.273075249,0.007472526517
4.292323336,0.007447828783
4.311571422,0.00742225782
4.330819509,0.007392319307
4.350067596,0.007345455606
4.369315682,0.007311106321
4.388563769,0.007279741981
4.407811856,0.007243237438
4.427059942,0.007203301717
4.446308029,0.007147102627
4.465556116,0.007071630878
4.484804203,0.007001721189
4.504052289,0.006960260012
4.523300376,0.006920869201
4.542548463,0.006846492851
4.561796549,0.006732903355
4.581044636,0.006612072891
4.600292723,0.00650049262
4.61954081,0.006380155796
4.638788896,0.006232113518
4.658036983,0.006078940104
4.67728507,0.005924679814
4.696533156,0.005775572615
4.715781243,0.005619335559
4.73502933,0.005448681302
4.754277416,0.005264259919
4.773525503,0.005072996276
4.79277359,0.004889950233
4.812021677,0.004709060775
4.831269763,0.004511702188
4.85051785,0.004290931896
4.869765937,0.004064326845
4.889014023,0.003853493457
4.90826211,0.003647202538
4.927510197,0.003429208504
4.946758284,0.003238414348
4.96600637,0.003085467946
4.985254457,0.002958063106
5.004502544,0.002830736993
5.02375063,0.002692089686
5.042998717,0.002543942589
5.062246804,0.002397555454
5.08149489,0.002233035457
5.100742977,0.002047859896
5.119991064,0.00186213139
5.139239151,0.001672999515
5.158487237,0.001496732106
5.177735324,0.001334391139
5.196983411,0.00117004012
5.216231497,0.000998278603
5.235479584,0.0008250398147
5.254727671,0.0006688810776
5.273975758,0.0005159928052
5.293223844,0.0003670249053
5.312471931,0.0002130336686
5.331720018,4.898118153e-005
5.350968104,-0.0001453320099
5.370216191,-0.0003623311627
5.389464278,-0.0005962753488
5.408712364,-0.0008462491397
5.427960451,-0.00109315727
5.447208538,-0.001332039988
5.466456625,-0.001584939088
5.485704711,-0.001844306021
5.504952798,-0.002110641419
5.524200885,-0.002383687938
5.543448971,-0.002675316153
5.562697058,-0.002981678857
5.581945145,-0.003286451418
5.601193232,-0.003595356157
5.620441318,-0.003912627451
5.639689405,-0.004240835989
5.658937492,-0.00457723029
5.678185578,-0.004911563822
5.697433665,-0.00523984497
5.716681752,-0.005563730818
5.735929838,-0.005884347277
5.755177925,-0.00620698598
5.774426012,-0.006533260765
5.793674099,-0.006849432275
5.812922185,-0.007150764459
5.832170272,-0.007459227137
5.851418359,-0.007792478753
5.870666445,-0.008140885165
5.889914532,-0.008498350812
5.909162619,-0.008826247251
5.928410706,-0.0091482878
5.947658792,-0.009439573487
5.966906879,-0.009692134483
5.986154966,-0.009936974533
6.005403052,-0.01015553739
6.024651139,-0.01035679478
6.043899226,-0.01055169895
6.063147312,-0.01073810635
6.082395399,-0.01090909151
6.101643486,-0.01109571358
6.120891573,-0.01128973527
6.140139659,-0.01149499221
6.159387746,-0.01170802819
6.178635833,-0.01191412368
6.197883919,-0.01208922619
6.217132006,-0.01222691715
6.236380093,-0.01232496804
6.25562818,-0.01240459151
6.274876266,-0.01247173817
6.294124353,-0.01252858956
6.31337244,-0.01259590284
6.332620526,-0.01267610725
6.351868613,-0.01274469728
6.3711167,-0.01281076115
6.390364786,-0.01289942263
6.409612873,-0.01301649353
6.42886096,-0.01313905958
6.448109047,-0.01322985704
6.467357133,-0.0132736485
6.48660522,-0.0132906681
6.505853307,-0.01329426065
6.525101393,-0.01330059938
6.54434948,-0.01332683911
6.563597567,-0.01334931587
6.582845654,-0.01337218121
6.60209374,-0.01341362771
6.621341827,-0.01344498046
6.640589914,-0.01347701449
6.659838,-0.01353704019
6.679086087,-0.01358950146
6.698334174,-0.01358900797
6.71758226,-0.013569488
6.736830347,-0.013505686
6.756078434,-0.01340492845
6.775326521,-0.01331108489
6.794574607,-0.01322776861
6.813822694,-0.01316762009
6.833070781,-0.01310446345
6.852318867,-0.01304031824
6.871566954,-0.01299675104
6.890815041,-0.0129617622
6.910063128,-0.01295774881
6.929311214,-0.01293868651
6.948559301,-0.01288488143
6.967807388,-0.01282491525
6.987055474,-0.01273284537
7.006303561,-0.01262594209
7.025551648,-0.01252641794
7.044799735,-0.01245014683
7.064047821,-0.01237959761
7.083295908,-0.01229408948
7.102543995,-0.01221693388
7.121792081,-0.01214737736
7.141040168,-0.01208460161
7.160288255,-0.01204150526
7.179536341,-0.01199282443
7.198784428,-0.01190423498
7.218032515,-0.01179849424
7.237280602,-0.01167941229
7.256528688,-0.01154972176
7.275776775,-0.01140345793
7.295024862,-0.01125079808
7.314272948,-0.0111185882
7.333521035,-0.01100798396
7.352769122,-0.01091213145
7.372017209,-0.01081510919
7.391265295,-0.0107372619
7.410513382,-0.01065531225
7.429761469,-0.01054374819
7.449009555,-0.0103908933
7.468257642,-0.01018468863
7.487505729,-0.009974176693
7.506753815,-0.009783856101
7.526001902,-0.009577870177
7.545249989,-0.009364004509
7.564498076,-0.009165106609
7.583746162,-0.008957609669
7.602994249,-0.008754563183
7.622242336,-0.008593507661
7.641490422,-0.00846436751
7.660738509,-0.008323200872
7.679986596,-0.008134421271
7.699234683,-0.007905022237
7.718482769,-0.007640028664
7.737730856,-0.007364543842
7.756978943,-0.007077853042
7.776227029,-0.006766492279
7.795475116,-0.006442747225
7.814723203,-0.006092774597
7.833971289,-0.005717486849
7.853219376,-0.005330811447
7.872467463,-0.004939109994
7.89171555,-0.004524590798
7.910963636,-0.004061717715
7.930211723,-0.003548886507
7.94945981,-0.003004692325
7.968707896,-0.002436446416
7.987955983,-0.001862501055
8.00720407,-0.001261504999
8.026452157,-0.000633013612
8.045700243,-8.547196064e-006
8.06494833,0.0006213067718
8.084196417,0.001284918179
8.103444503,0.001962950948
8.12269259,0.00264611697
8.141940677,0.003360513177
8.161188763,0.00413364084
8.18043685,0.004939814584
8.199684937,0.005743473345
8.218933024,0.006568261023
8.23818111,0.007405158513
8.257429197,0.008226142445
8.276677284,0.009027847659
8.29592537,0.009812962226
8.315173457,0.01058975312
8.334421544,0.0113458619
8.353669631,0.01208610032
8.372917717,0.01282904686
8.392165804,0.01359010873
8.411413891,0.01435014808
8.430661977,0.01506492618
8.449910064,0.01575324758
8.469158151,0.01643070878
8.488406237,0.01709398893
8.507654324,0.01771348853
8.526902411,0.01829634422
8.546150498,0.01884194897
8.565398584,0.01935046059
8.584646671,0.01982835655
8.603894758,0.02027207351
8.623142844,0.02070279035
8.642390931,0.02114823047
8.661639018,0.02157862664
8.680887105,0.02196472061
8.700135191,0.02232509108
8.719383278,0.02265643867
8.738631365,0.02293955399
8.757879451,0.02316676038
8.777127538,0.02333847331
8.796375625,0.02347559285
8.815623711,0.02357313334
8.834871798,0.02364215341
8.854119885,0.02369187902
8.873367972,0.02374647556
8.892616058,0.02378809978
8.911864145,0.02377163737
8.931112232,0.02367902007
8.950360318,0.02353313137
8.969608405,0.02331025185
8.988856492,0.02299096664
9.008104579,0.0225742733
9.027352665,0.02209313082
9.046600752,0.02153828532
9.065848839,0.02088940339
9.085096925,0.02015653629
9.104345012,0.01935857591
9.123593099,0.01849124994
9.142841185,0.01753827008
9.162089272,0.01648157667
9.181337359,0.01530904128
9.200585446,0.01403962046
9.219833532,0.01263089262
9.239081619,0.01108654745
9.258329706,0.009447054524
9.277577792,0.007710901703
9.296825879,0.005866380168
9.316073966,0.003964716178
9.335322053,0.0020150192
9.354570139,4.31016153e-005
9.373818226,-0.00194110204
9.393066313,-0.003929608781
9.412314399,-0.005915581989
9.431562486,-0.007888436481
9.450810573,-0.009834647849
9.47005866,-0.01177011169
9.489306746,-0.01369005994
9.508554833,-0.01553421366
9.52780292,-0.01730807812
9.547051006,-0.01902776703
9.566299093,-0.02068430487
9.58554718,-0.02220840726
9.604795266,-0.02359791349
9.624043353,-0.0248401027
9.64329144,-0.0259529994
9.662539527,-0.02693303266
9.681787613,-0.02777516565
9.7010357,-0.02850070801
9.720283787,-0.02914689383
9.739531873,-0.02972090066
9.75877996,-0.03022582074
9.778028047,-0.03066023117
9.797276134,-0.03103241657
9.81652422,-0.03133742204
9.835772307,-0.03157373423
9.855020394,-0.03173237174
9.87426848,-0.03182750374
9.893516567,-0.03190364696
9.912764654,-0.03196602611
9.93201274,-0.03200376656
9.951260827,-0.03205092706
9.970508914,-0.03214341746
9.989757001,-0.03227912018
10.00900509,-0.03244528552
10.02825317,-0.03264977128
10.04750126,-0.03290411216
10.06674935,-0.03317917219
10.08599743,-0.03344408374
10.10524552,-0.03371599511
10.12449361,-0.03399754747
10.14374169,-0.03431174933
10.16298978,-0.03465902592
10.18223787,-0.03503453444
10.20148595,-0.03543610551
10.22073404,-0.03589778315
10.23998213,-0.03640281002
10.25923021,-0.03693120036
10.2784783,-0.03750977594
10.29772639,-0.03811273895
10.31697447,-0.0387296402
10.33622256,-0.03933181953
10.35547065,-0.03993625897
10.37471873,-0.04053663258
10.39396682,-0.04113495545
10.41321491,-0.04172020854
10.43246299,-0.04231124068
10.45171108,-0.04292467939
10.47095917,-0.04356314202
10.49020725,-0.04422246546
10.50945534,-0.04489992131
10.52870343,-0.04560834251
10.54795152,-0.04633578952
10.5671996,-0.04705208566
10.58644769,-0.04773471528
10.60569578,-0.04842653431
10.62494386,-0.04912058227
10.64419195,-0.04980333238
10.66344004,-0.05049110658
10.68268812,-0.0511922358
10.70193621,-0.05191274066
10.7211843,-0.05265535258
10.74043238,-0.053441797
10.75968047,-0.05426444541
10.77892856,-0.0551150558
10.79817664,-0.05600085228
10.81742473,-0.05691547012
10.83667282,-0.05780175137
10.8559209,-0.05868535394
10.87516899,-0.05956788613
10.89441708,-0.06043966246
10.91366516,-0.06128805975
10.93291325,-0.06210915969
10.95216134,-0.06287772994
10.97140942,-0.06361153226
10.99065751,-0.06433344732
11.0099056,-0.06501034148
11.02915368,-0.06562859575
11.04840177,-0.06619369771
11.06764986,-0.06668681183
11.08689794,-0.06709870222
11.10614603,-0.067395987
11.12539412,-0.0675960042
11.1446422,-0.06770881382
11.16389029,-0.06773261796
11.18313838,-0.06767256683
11.20238646,-0.06752027475
11.22163455,-0.06729759585
11.24088264,-0.06700951983
11.26013072,-0.06665042305
11.27937881,-0.06622529962
11.2986269,-0.06573393842
11.31787498,-0.06519964076
11.33712307,-0.06461926579
11.35637116,-0.06399505866
11.37561924,-0.06334297973
11.39486733,-0.06260746626
11.41411542,-0.06184625228
11.4333635,-0.06106433355
11.45261159,-0.06017006933
11.47185968,-0.05921305432
11.49110776,-0.05820742495
11.51035585,-0.05702110126
11.52960394,-0.05579383817
11.54885202,-0.05440538999
11.56810011,-0.05299310911
11.5873482,-0.05153808391
11.60659628,-0.05007517784
11.62584437,-0.04845386819
11.64509246,-0.04678955863
11.66434054,-0.04512908552
11.68358863,-0.04349860581
11.70283672,-0.04171031096
11.7220848,-0.0398887681
11.74133289,-0.03774872673
11.76058098,-0.03574378973
11.77982906,-0.03360598855
11.79907715,-0.03146931544
11.81832524,-0.02894156689
11.83757332,-0.0263626679
11.85682141,-0.02361017104
11.8760695,-0.0207358244
11.89531758,-0.01757884263
11.91456567,-0.01433611964
11.93381376,-0.010848759
11.95306184,-0.006864566094
11.97230993,-0.002620257646
11.99155802,0.002070633358
12.0108061,0.006976896331
12.03005419,0.01208752378
12.04930228,0.01736321875
12.06855036,0.02316966839
12.08779845,0.02951730124
12.10704654,0.03604430147
12.12629462,0.04287560531
12.14554271,0.04990392142
12.1647908,0.05743689405
12.18403889,0.06542047894
12.20328697,0.07364076295
12.22253506,0.08225124915
12.24178315,0.09131991757
12.26103123,0.1003858342
12.28027932,0.1101331935
12.29952741,0.1197386581
12.31877549,0.1298538137
12.33802358,0.1400774041
12.35727167,0.1504368376
12.37651975,0.1612178249
12.39576784,0.1722786465
12.41501593,0.1833383432
12.43426401,0.1949774797
12.4535121,0.2073534114
12.47276019,0.2198765359
12.49200827,0.2321225626
12.51125636,0.2449946876
12.53050445,0.2581860716
12.54975253,0.271592947
12.56900062,0.2846097549
12.58824871,0.2984261656
12.60749679,0.31161875
12.62674488,0.3250746011
12.64599297,0.3397492578
12.66524105,0.3538549239
12.68448914,0.367866885
12.70373723,0.3809414576
12.72298531,0.3941847198
12.7422334,0.4077353773
12.76148149,0.4197085396
12.78072957,0.4318186029
12.79997766,0.443461468
12.81922575,0.4545560176
12.83847383,0.4653163328
12.85772192,0.475281547
12.87697001,0.4849068114
12.89621809,0.4940687393
12.91546618,0.5028275521
12.93471427,0.5111046642
12.95396235,0.5187958408
12.97321044,0.5255827412
12.99245853,0.5318239778
13.01170661,0.5374626147
13.0309547,0.5425854384
13.05020279,0.5467422964
13.06945087,0.5506587154
13.08869896,0.5532859439
13.10794705,0.5554386647
13.12719513,0.5565770942
13.14644322,0.5569466683
13.16569131,0.5562064058
13.18493939,0.5543334306
13.20418748,0.5513187959
13.22343557,0.5470342697
13.24268365,0.5414930424
13.26193174,0.5346705703
13.28117983,0.5266931703
13.30042791,0.516943304
13.319676,0.5059944745
13.33892409,0.4935016421
13.35817217,0.4800114767
13.37742026,0.4648276551
13.39666835,0.4480843486
13.41591643,0.4301460464
13.43516452,0.4115460142
13.45441261,0.3906703541
13.47366069,0.3687532638
13.49290878,0.345503425
13.51215687,0.3206229944
13.53140495,0.2942505979
13.55065304,0.2667081728
13.56990113,0.2392725347
13.58914921,0.2105391289
13.6083973,0.1799929306
13.62764539,0.1492077723
13.64689347,0.117629865
13.66614156,0.08680134031
13.68538965,0.05388549814
13.70463773,0.02121652881
13.72388582,-0.01161317707
13.74313391,-0.04448015553
13.762382,-0.07754737617
13.78163008,-0.1120325816
13.80087817,-0.1441831231
13.82012626,-0.1753248037
13.83937434,-0.2050052331
13.85862243,-0.2343320951
13.87787052,-0.2628870863
13.8971186,-0.289688911
13.91636669,-0.3158064279
13.93561478,-0.340941522
13.95486286,-0.3655455136
13.97411095,-0.387423494
13.99335904,-0.4084831747
14.01260712,-0.4287261183
14.03185521,-0.4467138723
14.0511033,-0.4637072059
14.07035138,-0.4787466975
14.08959947,-0.4930075559
14.10884756,-0.5055370066
14.12809564,-0.5169373173
14.14734373,-0.5270595481
14.16659182,-0.5360768158
14.1858399,-0.5438672741
14.20508799,-0.5505185461
14.22433608,-0.5559924017
14.24358416,-0.5604006736
14.26283225,-0.5637642458
14.28208034,-0.5660839003
14.30132842,-0.5673653305
14.32057651,-0.5676635288
14.3398246,-0.5670551033
14.35907268,-0.5655578202
14.37832077,-0.5632471225
14.39756886,-0.5601653746
14.41681694,-0.55632662
14.43606503,-0.5517034281
14.45531312,-0.5463388517
14.4745612,-0.5402555212
14.49380929,-0.5335127415
14.51305738,-0.5261630274
14.53230546,-0.5182898451
14.55155355,-0.5099653261
14.57080164,-0.5012784713
14.59004972,-0.4921853153
14.60929781,-0.482724174
14.6285459,-0.4728927701
14.64779398,-0.4627716631
14.66704207,-0.4523784317
14.68629016,-0.4418174706
14.70553824,-0.4311144016
14.72478633,-0.4202582856
14.74403442,-0.4093155058
14.7632825,-0.3983206406
14.78253059,-0.3872385902
14.80177868,-0.3761393614
14.82102676,-0.3651547728
14.84027485,-0.35426718
14.85952294,-0.3433888565
14.87877102,-0.3325339999
14.89801911,-0.3217575871
14.9172672,-0.3111116524
14.93651528,-0.3005957446
14.95576337,-0.2902671331
14.97501146,-0.2800825665
14.99425954,-0.2700144192
15.01350763,-0.2600761414
15.03275572,-0.2503252508
15.0520038,-0.2408429202
15.07125189,-0.2314357133
15.09049998,-0.2223168164
15.10974806,-0.2133960137
15.12899615,-0.2045642339
15.14824424,-0.1958594269
15.16749232,-0.187364893
15.18674041,-0.1790239227
15.2059885,-0.1708050991
15.22523658,-0.1626293078
15.24448467,-0.1544498193
15.26373276,-0.1464364235
15.28298084,-0.1385212744
15.30222893,-0.130779508
15.32147702,-0.1231625165
15.3407251,-0.115629572
15.35997319,-0.1081676917
15.37922128,-0.1008548964
15.39846937,-0.09364409987
15.41771745,-0.08644944909
15.43696554,-0.07936086427
15.45621363,-0.07241035253
15.47546171,-0.06551442918
15.4947098,-0.05866025261
15.51395789,-0.05198358084
15.53320597,-0.04548592279
15.55245406,-0.03910527563
15.57170215,-0.032878068
15.59095023,-0.02684972154
15.61019832,-0.02097954655
15.62944641,-0.01524006073
15.64869449,-0.009685311018
15.66794258,-0.00430027697
15.68719067,0.0009457920081
15.70643875,0.006075307374
15.72568684,0.01106261438
15.74493493,0.0159205301
15.76418301,0.02066001916
15.7834311,0.02524512264
15.80267919,0.02968029678
15.82192727,0.03397160419
15.84117536,0.03814211529
15.86042345,0.04219414759
15.87967153,0.04614317829
15.89891962,0.04989655676
15.91816771,0.05349225334
15.93741579,0.05693255263
15.95666388,0.0602344728
15.97591197,0.06345189331
15.99516005,0.06656614176
16.01440814,0.06957824498
16.03365623,0.07254888407
16.05290431,0.07536768393
16.0721524,0.07800694235
16.09140049,0.08052451724
16.11064857,0.08301979667
16.12989666,0.08542623367
16.14914475,0.08766558959
16.16839283,0.08984602168
16.18764092,0.0918865697
16.20688901,0.09372212058
16.22613709,0.0954995611
16.24538518,0.09714846334
16.26463327,0.09859979451
16.28388135,0.09988657193
16.30312944,0.1009856252
16.32237753,0.1019047021
16.34162561,0.1026693904
16.3608737,0.1032726646
16.38012179,0.1037288365
16.39936987,0.1040889164
16.41861796,0.1043361128
16.43786605,0.1044589399
16.45711413,0.1044150368
16.47636222,0.1042701453
16.49561031,0.103980215
16.51485839,0.1035818612
16.53410648,0.1030315673
16.55335457,0.1023066758
16.57260265,0.1014826812
16.59185074,0.1004601602
16.61109883,0.09931526899
16.63034691,0.09801045665
16.649595,0.09659270198
16.66884309,0.09506674441
16.68809117,0.0933975286
16.70733926,0.09163301479
16.72658735,0.08979779033
16.74583543,0.08785190196
16.76508352,0.08582458716
16.78433161,0.08378145455
16.80357969,0.08163913634
16.82282778,0.07939018457
16.84207587,0.0771816531
16.86132395,0.07497564577
16.88057204,0.0727073455
16.89982013,0.07059467577
16.91906821,0.06851989194
16.9383163,0.06657858601
16.95756439,0.06462355668
16.97681247,0.06275632507
16.99606056,0.06100039838
17.01530865,0.05921536253
17.03455674,0.05746854076
17.05380482,0.05585200728
17.07305291,0.05433169006
17.092301,0.0529611762
17.11154908,0.05171570906
17.13079717,0.05058579045
17.15004526,0.04957479285
17.16929334,0.04872211206
17.18854143,0.04794131181
17.20778952,0.04726253508
17.2270376,0.04663539858
17.24628569,0.04607804894
17.26553378,0.04558483984
17.28478186,0.04513718564
17.30402995,0.04470083856
17.32327804,0.04428015171
17.34252612,0.04387063489
17.36177421,0.04350354512
17.3810223,0.04311649215
17.40027038,0.04277488873
17.41951847,0.04245065364
17.43876656,0.04213841069
17.45801464,0.04185936798
17.47726273,0.04160540508
17.49651082,0.04130615581
17.5157589,0.04099509274
17.53500699,0.04069619187
17.55425508,0.04032935298
17.57350316,0.03993678705
17.59275125,0.03954494123
17.61199934,0.03917741472
17.63124742,0.03881026601
17.65049551,0.03851928502
17.6697436,0.03821528203
17.68899168,0.03794304415
17.70823977,0.03770527971
17.72748786,0.03745620502
17.74673594,0.03719666114
17.76598403,0.03695396791
17.78523212,0.03670384957
17.8044802,0.03644044864
17.82372829,0.03620531761
17.84297638,0.03595741761
17.86222446,0.03567646889
17.88147255,0.03536679968
17.90072064,0.0350305199
17.91996872,0.03465135291
17.93921681,0.03425132153
17.9584649,0.03383874659
17.97771298,0.03345552261
17.99696107,0.03305122231
18.01620916,0.03263789217
18.03545724,0.03217305009
18.05470533,0.03161963853
18.07395342,0.03101951213
18.0932015,0.03037932652
18.11244959,0.02969391622
18.13169768,0.02893331833
18.15094576,0.02810951678
18.17019385,0.02722633815
18.18944194,0.02630605236
18.20869002,0.02536750575
18.22793811,0.02443325525
18.2471862,0.02342633255
18.26643428,0.02234578356
18.28568237,0.02123123883
18.30493046,0.02009056272
18.32417854,0.01893472019
18.34342663,0.01777253644
18.36267472,0.01658863311
18.3819228,0.01535610876
18.40117089,0.01412808719
18.42041898,0.0129299105
18.43966706,0.01169879258
18.45891515,0.01047474015
18.47816324,0.009265109605
18.49741132,0.008088638684
18.51665941,0.006957098655
18.5359075,0.005845440869
18.55515558,0.004757131796
18.57440367,0.00371451976
18.59365176,0.002744267691
18.61289984,0.00186178327
18.63214793,0.001077292106
18.65139602,0.0003835195733
18.67064411,-0.0002517203135
18.68989219,-0.0008573001985
18.70914028,-0.001414271702
18.72838837,-0.00189240848
18.74763645,-0.002301838833
18.76688454,-0.00263412404
18.78613263,-0.002892562622
18.80538071,-0.003132946335
18.8246288,-0.003284145741
18.84387689,-0.003333715733
18.86312497,-0.003264684144
18.88237306,-0.003122350012
18.90162115,-0.002910631206
18.92086923,-0.002603505435
18.94011732,-0.002219806071
18.95936541,-0.001803980542
18.97861349,-0.001352373875
18.99786158,-0.0008225355987
19.01710967,-0.0001870421946
19.03635775,0.0005307449297
19.05560584,0.001282255502
19.07485393,0.002093052738
19.09410201,0.002971992113
19.1133501,0.003912073474
19.13259819,0.004861192108
19.15184627,0.005837496421
19.17109436,0.006889178002
19.19034245,0.0080063773
19.20959053,0.009140632607
19.22883862,0.01025809561
19.24808671,0.01138400862
19.26733479,0.01251141298
19.28658288,0.01365938369
19.30583097,0.01481015381
19.32507905,0.01596164605
19.34432714,0.01715116685
19.36357523,0.01836597542
19.38282331,0.01958473515
19.4020714,0.02082301344
19.42131949,0.02210593745
19.44056757,0.02341783082
19.45981566,0.02470821199
19.47906375,0.0259738511
19.49831183,0.02721657944
19.51755992,0.02844675956
19.53680801,0.02966793182
19.55605609,0.03087265765
19.57530418,0.03206743971
19.59455227,0.03323511256
19.61380035,0.03437313327
19.63304844,0.03548222313
19.65229653,0.03655008362
19.67154461,0.03758739964
19.6907927,0.03859631957
19.71004079,0.03957589248
19.72928887,0.04054580139
19.74853696,0.04144490696
19.76778505,0.04232576752
19.78703313,0.0431917209
19.80628122,0.04403694305
19.82552931,0.04483229941
19.84477739,0.04557620248
19.86402548,0.04626631207
19.88327357,0.04693991648
19.90252165,0.0475657384
19.92176974,0.04815457081
19.94101783,0.04873895432
19.96026591,0.0493182232
19.979514,0.04986324223
19.99876209,0.05035615498
20.01801017,0.0508016423
20.03725826,0.05117843935
20.05650635,0.05147308944
20.07575443,0.05171625084
20.09500252,0.05194194788
20.11425061,0.05211505697
20.13349869,0.0522084445
20.15274678,0.05224858953
20.17199487,0.05223916958
20.19124295,0.05223034441
20.21049104,0.05217416646
20.22973913,0.05208359501
20.24898722,0.05194626077
20.2682353,0.05172229006
20.28748339,0.05141992411
20.30673148,0.05106256618
20.32597956,0.05066244684
20.34522765,0.05022012596
20.36447574,0.04972474902
20.38372382,0.04918046702
20.40297191,0.04858735712
20.42222,0.04796835949
20.44146808,0.04734532051
20.46071617,0.04673080622
20.47996426,0.04612051406
20.49921234,0.04549876148
20.51846043,0.04484400171
20.53770852,0.04416493431
20.5569566,0.04349620702
20.57620469,0.04283907375
20.59545278,0.04219110978
20.61470086,0.04156039179
20.63394895,0.04094916063
20.65319704,0.04036860545
20.67244512,0.0398224626
20.69169321,0.03930824883
20.7109413,0.03885179376
20.73018938,0.03847091404
20.74943747,0.03816530936
20.76868556,0.0379004587
20.78793364,0.0376821692
20.80718173,0.03752465979
20.82642982,0.03743094278
20.8456779,0.03741274629
20.86492599,0.03746832828
20.88417408,0.03755362396
20.90342216,0.03768145899
20.92267025,0.03785899969
20.94191834,0.03809102038
20.96116642,0.03840102744
20.98041451,0.03876384926
20.9996626,0.03917241516
21.01891068,0.0396205881
21.03815877,0.04009637126
21.05740686,0.04059392992
21.07665494,0.04111430222
21.09590303,0.04163613945
21.11515112,0.04215472283
21.1343992,0.04267518539
21.15364729,0.04317036614
21.17289538,0.04365937961
21.19214346,0.04417393648
21.21139155,0.04471705628
21.23063964,0.04525685939
21.24988772,0.04576857689
21.26913581,0.0462560693
21.2883839,0.046678245
21.30763198,0.04705073936
21.32688007,0.04734262481
21.34612816,0.04754022276
21.36537624,0.04764408088
21.38462433,0.04764674466
21.40387242,0.04758130394
21.4231205,0.04746734664
21.44236859,0.04727316388
21.46161668,0.04700195105
21.48086476,0.0466637571
21.50011285,0.04621475218
21.51936094,0.04564573308
21.53860902,0.0449433919
21.55785711,0.04412157783
21.5771052,0.04320951189
21.59635328,0.04220485834
21.61560137,0.04112332173
21.63484946,0.03994754979
21.65409754,0.03868889097
21.67334563,0.03735920151
21.69259372,0.03595277017
21.7118418,0.03447102102
21.73108989,0.03291609857
21.75033798,0.03126369505
21.76958606,0.02953159201
21.78883415,0.02773595498
21.80808224,0.02588612897
21.82733032,0.02396072519
21.84657841,0.02197884638
21.8658265,0.01992901414
21.88507459,0.01781171446
21.90432267,0.01560924783
21.92357076,0.01338705031
21.94281885,0.01114322655
21.96206693,0.008886173972
21.98131502,0.006625695019
22.00056311,0.004350630143
22.01981119,0.002039539725
22.03905928,-0.0003113970141
22.05830737,-0.002672770441
22.07755545,-0.005040589117
22.09680354,-0.007443505172
22.11605163,-0.009859275011
22.13529971,-0.01228155414
22.1545478,-0.01470070045
22.17379589,-0.01706904515
22.19304397,-0.0193353102
22.21229206,-0.02152434756
22.23154015,-0.02367225999
22.25078823,-0.02576254773
22.27003632,-0.02782550262
22.28928441,-0.02987420453
22.30853249,-0.031881958
22.32778058,-0.03378707132
22.34702867,-0.03560671005
22.36627675,-0.03739951433
22.38552484,-0.03912615253
22.40477293,-0.04074340167
22.42402101,-0.04223473812
22.4432691,-0.04364151337
22.46251719,-0.04492720319
22.48176527,-0.04610940193
22.50101336,-0.04722026812
22.52026145,-0.04828774097
22.53950953,-0.04928389535
22.55875762,-0.050177745
22.57800571,-0.05096902242
22.59725379,-0.05166996786
22.61650188,-0.05227779918
22.63574997,-0.05281939816
22.65499805,-0.05326265076
22.67424614,-0.05360378009
22.69349423,-0.05387101209
22.71274231,-0.05404629781
22.7319904,-0.05412999223
22.75123849,-0.05414360161
22.77048657,-0.05412272178
22.78973466,-0.05406279882
22.80898275,-0.05393269406
22.82823083,-0.05372553485
22.84747892,-0.05345198511
22.86672701,-0.05313084746
22.88597509,-0.05278011625
22.90522318,-0.05238418159
22.92447127,-0.05193634625
22.94371935,-0.05144040091
22.96296744,-0.0508742763
22.98221553,-0.05024191688
23.00146361,-0.04954227176
23.0207117,-0.0487930376
23.03995979,-0.04804182793
23.05920787,-0.0472697213
23.07845596,-0.0464888843
23.09770405,-0.04571561293
23.11695213,-0.04492847021
23.13620022,-0.04413134176
23.15544831,-0.04331028267
23.17469639,-0.04247460937
23.19394448,-0.04163401031
23.21319257,-0.04076766505
23.23244065,-0.03988509277
23.25168874,-0.03899556021
23.27093683,-0.03812812526
23.29018491,-0.03729591974
23.309433,-0.03650230125
23.32868109,-0.03573614704
23.34792917,-0.03500355248
23.36717726,-0.03429583416
23.38642535,-0.03359315313
23.40567343,-0.03291306096
23.42492152,-0.0322595983
23.44416961,-0.03162542105
23.46341769,-0.03099519887
23.48266578,-0.03037440498
23.50191387,-0.02976320083
23.52116196,-0.0291637907
23.54041004,-0.02859088459
23.55965813,-0.02805775466
23.57890622,-0.02752866495
23.5981543,-0.02697623812
23.61740239,-0.02642255382
23.63665048,-0.02590683223
23.65589856,-0.02537839697
23.67514665,-0.02482712137
23.69439474,-0.02427115502
23.71364282,-0.02372220796
23.73289091,-0.02316097998
23.752139,-0.02254926741
23.77138708,-0.02190866
23.79063517,-0.02127523447
23.80988326,-0.02066437641
23.82913134,-0.02004203132
23.84837943,-0.01940478713
23.86762752,-0.01878640421
23.8868756,-0.01817168252
23.90612369,-0.0175737028
23.92537178,-0.01697581195
23.94461986,-0.01637695839
23.96386795,-0.01579034629
23.98311604,-0.01520606059
24.00236412,-0.01459384192
24.02161221,-0.01396816441
24.0408603,-0.01338700601
24.06010838,-0.01286129272
24.07935647,-0.0123268431
24.09860456,-0.01178878514
24.11785264,-0.01128515215
24.13710073,-0.0108179448
24.15634882,-0.01036607775
24.1755969,-0.009906974321
24.19484499,-0.009437158554
24.21409308,-0.008984864395
24.23334116,-0.008539853372
24.25258925,-0.0080968995
24.27183734,-0.007638199478
24.29108542,-0.007173695462
24.31033351,-0.006734521498
24.3295816,-0.006348687314
24.34882968,-0.005960323879
24.36807777,-0.005567799981
24.38732586,-0.005199297066
24.40657394,-0.004854222764
24.42582203,-0.004526136032
24.44507012,-0.004214602427
24.4643182,-0.003921345569
24.48356629,-0.003688806688
24.50281438,-0.003481108777
24.52206246,-0.003278659258
24.54131055,-0.003129904515
24.56055864,-0.003048081102
24.57980672,-0.002985696876
24.59905481,-0.00291796026
24.6183029,-0.002901755697
24.63755098,-0.002928869804
24.65679907,-0.002980517917
24.67604716,-0.003048916299
24.69529524,-0.00315828047
24.71454333,-0.003333129688
24.73379142,-0.003552472113
24.7530395,-0.003803742504
24.77228759,-0.004069348171
24.79153568,-0.004364989664
24.81078376,-0.004723377612
24.83003185,-0.00512321566
24.84927994,-0.005545236742
24.86852802,-0.00600972393
24.88777611,-0.006522292312
24.9070242,-0.007064550289
24.92627228,-0.00762849986
24.94552037,-0.00820855849
24.96476846,-0.008798455567
24.98401654,-0.009407623045
25.00326463,-0.01001762842
25.02251272,-0.01061157093
25.0417608,-0.01122556746
25.06100889,-0.01189175871
25.08025698,-0.01259676576
25.09950507,-0.01331079792
25.11875315,-0.01404108552
25.13800124,-0.0148189878
25.15724933,-0.01562233809
25.17649741,-0.01642213485
25.1957455,-0.01721810536
25.21499359,-0.01801341222
25.23424167,-0.01878977761
25.25348976,-0.01955983327
25.27273785,-0.02032325439
25.29198593,-0.02108775485
25.31123402,-0.02187433792
25.33048211,-0.02268706606
25.34973019,-0.02351315912
25.36897828,-0.02434124257
25.38822637,-0.02517570603
25.40747445,-0.02602423725
25.42672254,-0.0268495218
25.44597063,-0.02764713879
25.46521871,-0.02841011312
25.4844668,-0.02914514248
25.50371489,-0.02983005988
25.52296297,-0.03046733255
25.54221106,-0.03106440019
25.56145915,-0.03165331726
25.58070723,-0.03222381305
25.59995532,-0.0327605133
25.61920341,-0.03326458615
25.63845149,-0.03374652516
25.65769958,-0.03419479187
25.67694767,-0.03459293169
25.69619575,-0.03492450878
25.71544384,-0.0351856861
25.73469193,-0.03541345129
25.75394001,-0.03560279036
25.7731881,-0.03573298692
25.79243619,-0.03582500939
25.81168427,-0.03589835614
25.83093236,-0.0359648225
25.85018045,-0.03602492574
25.86942853,-0.03606712081
25.88867662,-0.03609822901
25.90792471,-0.0361292049
25.92717279,-0.03614652769
25.94642088,-0.03614289727
25.96566897,-0.03612224407
25.98491705,-0.03610097055
26.00416514,-0.03609325265
26.02341323,-0.03605680063
26.04266131,-0.03598477087
26.0619094,-0.03592098489
26.08115749,-0.03586658776
26.10040557,-0.035841937
26.11965366,-0.03584926521
26.13890175,-0.03587378169
26.15814983,-0.03591797589
26.17739792,-0.03595156227
26.19664601,-0.03597177805
26.21589409,-0.03598637523
26.23514218,-0.0359823357
26.25439027,-0.03597583881
26.27363835,-0.03595343262
26.29288644,-0.03590919202
26.31213453,-0.03586308927
26.33138261,-0.03583309889
26.3506307,-0.03583031943
26.36987879,-0.03584526027
26.38912687,-0.03586747529
26.40837496,-0.03588923122
26.42762305,-0.03591018721
26.44687113,-0.03590889263
26.46611922,-0.03588608358
26.48536731,-0.03583827156
26.50461539,-0.0357698273
26.52386348,-0.03570347151
26.54311157,-0.03563883088
26.56235965,-0.03559258012
26.58160774,-0.03555837802
26.60085583,-0.03552369305
26.62010391,-0.03550678248
26.639352,-0.03548863299
26.65860009,-0.03547665828
26.67784817,-0.03547055972
26.69709626,-0.03545727912
26.71634435,-0.03542983568
26.73559244,-0.03538677886
26.75484052,-0.03533060107
26.77408861,-0.03526440397
26.7933367,-0.03520872767
26.81258478,-0.03516508829
26.83183287,-0.03513001416
26.85108096,-0.03510676627
26.87032904,-0.03511015983
26.88957713,-0.03513775486
26.90882522,-0.03517709757
26.9280733,-0.03523688377
26.94732139,-0.03530553503
26.96656948,-0.03537533958
26.98581756,-0.03543674971
27.00506565,-0.03550111731
27.02431374,-0.03555555983
27.04356182,-0.03563449067
27.06280991,-0.03574043344
27.082058,-0.03587422526
27.10130608,-0.03602215556
27.12055417,-0.03618757041
27.13980226,-0.03639576181
27.15905034,-0.03660995812
27.17829843,-0.0368087638
27.19754652,-0.03698923969
27.2167946,-0.03714550244
27.23604269,-0.03730809263
27.25529078,-0.03746782369
27.27453886,-0.03760735081
27.29378695,-0.03771472015
27.31303504,-0.03781402196
27.33228312,-0.03789463306
27.35153121,-0.03795769082
27.3707793,-0.03803086114
27.39002738,-0.03809657042
27.40927547,-0.03813954555
27.42852356,-0.03813027069
27.44777164,-0.03810156276
27.46701973,-0.03806348535
27.48626782,-0.03798491295
27.5055159,-0.03786805999
27.52476399,-0.03771039447
27.54401208,-0.03751381854
27.56326016,-0.03730081672
27.58250825,-0.03708319556
27.60175634,-0.03684581083
27.62100442,-0.03659345814
27.64025251,-0.03637295811
27.6595006,-0.03618524868
27.67874868,-0.03601585537
27.69799677,-0.03585293653
27.71724486,-0.03568836148
27.73649294,-0.03552556578
27.75574103,-0.03537063364
27.77498912,-0.03520787223
27.7942372,-0.03505193046
27.81348529,-0.03490063623
27.83273338,-0.03475489291
27.85198146,-0.03460018993
27.87122955,-0.03443735923
27.89047764,-0.03428678118
27.90972572,-0.03414813149
27.92897381,-0.03398654027
27.9482219,-0.03377724822
27.96746998,-0.03352576668
27.98671807,-0.03325131313
28.00596616,-0.03292638225
28.02521424,-0.03254154648
28.04446233,-0.03213826911
28.06371042,-0.03173041253
28.0829585,-0.03130097392
28.10220659,-0.03082167702
28.12145468,-0.03030369431
28.14070276,-0.02975306662
28.15995085,-0.02916343787
28.17919894,-0.02851567838
28.19844702,-0.0277977221
28.21769511,-0.02704213124
28.2369432,-0.02624054329
28.25619128,-0.02537980844
28.27543937,-0.02446278461
28.29468746,-0.02349158263
28.31393554,-0.02249300815
28.33318363,-0.02150733744
28.35243172,-0.02050721041
28.37167981,-0.01948322175
28.39092789,-0.01848477584
28.41017598,-0.01749593012
28.42942407,-0.01646898692
28.44867215,-0.01543319522
28.46792024,-0.01441551939
28.48716833,-0.01340404795
28.50641641,-0.01240257027
28.5256645,-0.01138208098
28.54491259,-0.01035382216
28.56416067,-0.009326533134
28.58340876,-0.008303971727
28.60265685,-0.007298069337
28.62190493,-0.006321781558
28.64115302,-0.005378259322
28.66040111,-0.004472178835
28.67964919,-0.003602734853
28.69889728,-0.002731436701
28.71814537,-0.001850576665
28.73739345,-0.0009867536203
28.75664154,-0.0001346036054
28.77588963,0.0007178137835
28.79513771,0.001547488414
28.8143858,0.002315843204
28.83363389,0.003042603067
28.85288197,0.003728538383
28.87213006,0.004373559755
28.89137815,0.004966010368
28.91062623,0.00553693832
28.92987432,0.006102176349
28.94912241,0.006642895743
28.96837049,0.007162661687
28.98761858,0.00766477216
29.00686667,0.008135597808
29.02611475,0.008583747099
29.04536284,0.008993486982
29.06461093,0.009358701839
29.08385901,0.009701115398
29.1031071,0.01003557539
29.12235519,0.01036808175
29.14160327,0.01067151333
29.16085136,0.01095358252
29.18009945,0.01124187972
29.19934753,0.01154534326
29.21859562,0.01187183056
29.23784371,0.01221644655
29.25709179,0.01257195452
29.27633988,0.01294625437
29.29558797,0.013335447
29.31483605,0.0136962484
29.33408414,0.01403379587
29.35333223,0.01435626101
29.37258031,0.01468325804
29.3918284,0.01497874706
29.41107649,0.01524293781
29.43032457,0.01548668249
29.44957266,0.01571240412
29.46882075,0.01591686131
29.48806883,0.0161155941
29.50731692,0.01630597835
29.52656501,0.01647957148
29.54581309,0.01660938856
29.56506118,0.01668289582
29.58430927,0.01671897246
29.60355735,0.01671537176
29.62280544,0.01664620307
29.64205353,0.01652477327
29.66130161,0.01635450888
29.6805497,0.01613026988
29.69979779,0.01587839357
29.71904587,0.01562926935
29.73829396,0.01539086444
29.75754205,0.01516005002
29.77679013,0.01493614718
29.79603822,0.01470280406
29.81528631,0.01444191708
29.83453439,0.01417548012
29.85378248,0.01392773987
29.87303057,0.01368911483
29.89227865,0.013441287
29.91152674,0.01319052211
29.93077483,0.01297173152
29.95002292,0.0127848997
29.969271,0.01262368801
29.98851909,0.01250508984
30.00776718,0.01241084694
30.02701526,0.01232760381
30.04626335,0.01225949619
30.06551144,0.01217152869
30.08475952,0.01208418193
30.10400761,0.01204351037
30.1232557,0.01201912805
30.14250378,0.01198644859
30.16175187,0.0119196708
30.18099996,0.01184837289
30.20024804,0.01182687215
30.21949613,0.01181997922
30.23874422,0.01181203265
30.2579923,0.01181074586
30.27724039,0.01179781888
30.29648848,0.01177121813
30.31573656,0.01173852902
30.33498465,0.01167031789
30.35423274,0.01158811973
30.37348082,0.01150691892
30.39272891,0.01140644402
30.411977,0.01128282814
30.43122508,0.01111544469
30.45047317,0.0109341076
30.46972126,0.01075070287
30.48896934,0.01057427528
30.50821743,0.01041259137
30.52746552,0.01024878975
30.5467136,0.01006529795
30.56596169,0.009852693737
30.58520978,0.009595113399
30.60445786,0.009304743952
30.62370595,0.008992705482
30.64295404,0.008678546296
30.66220212,0.008354370564
30.68145021,0.008030419392
30.7006983,0.007757083224
30.71994638,0.0075103674
30.73919447,0.00724876115
30.75844256,0.00698225459
30.77769064,0.006762355194
30.79693873,0.006575009494
30.81618682,0.006387579298
30.8354349,0.006200629925
30.85468299,0.006003970466
30.87393108,0.005838453957
30.89317916,0.005682903779
30.91242725,0.00554455825
30.93167534,0.005432051986
30.95092342,0.005376745616
30.97017151,0.005372306539
30.9894196,0.005416826375
31.00866768,0.005510091503
31.02791577,0.00562389613
31.04716386,0.00582452806
31.06641194,0.006049356712
31.08566003,0.006275508129
31.10490812,0.006480498228
31.1241562,0.006773765087
31.14340429,0.007038966315
31.16265238,0.007347878072
31.18190046,0.007687666281
31.20114855,0.008112853054
31.22039664,0.008587283042
31.23964472,0.009100973107
31.25889281,0.009600891636
31.2781409,0.0101071824
31.29738898,0.0105844474
31.31663707,0.01114367539
31.33588516,0.01161715507
31.35513324,0.0120503265
31.37438133,0.01239961586
31.39362942,0.01272301644
31.4128775,0.01290878885
31.43212559,0.01306930823
31.45137368,0.01325131292
31.47062176,0.01349698664
31.48986985,0.01376266135
31.50911794,0.01394028968
31.52836602,0.01409803161
31.54761411,0.01424111717
31.5668622,0.01430475121
31.58611029,0.01438852164
31.60535837,0.01443217204
31.62460646,0.01447486878
31.64385455,0.0144770779
31.66310263,0.01443873397
31.68235072,0.01445465483
31.70159881,0.01450037811
31.72084689,0.0144498761
31.74009498,0.01446390813
31.75934307,0.01455735594
31.77859115,0.01466854564
31.79783924,0.01472875884
31.81708733,0.0147753395
31.83633541,0.01476516463
31.8555835,0.01477375951
31.87483159,0.01481029873
31.89407967,0.01480104524
31.91332776,0.01477574598
31.93257585,0.01475448981
31.95182393,0.01483154347
31.97107202,0.01487285155
31.99032011,0.01488253157
32.00956819,0.01486541873
32.02881628,0.01486969868
32.04806437,0.01482431601
32.06731245,0.01482947746
32.08656054,0.01477101556
32.10580863,0.01468433654
32.12505671,0.01461308505
32.1443048,0.01456855477
32.16355289,0.01453804353
32.18280097,0.01447570523
32.20204906,0.01442984467
32.22129715,0.01438913545
32.24054523,0.01437444593
32.25979332,0.01437711305
32.27904141,0.0143530714
32.29828949,0.01432079626
32.31753758,0.01430714725
32.33678567,0.01423998083
32.35603375,0.01415775777
32.37528184,0.0141016504
32.39452993,0.01401959748
32.41377801,0.0138849964
32.4330261,0.01374297341
32.45227419,0.01355221342
32.47152227,0.01335715352
32.49077036,0.01312862091
32.51001845,0.01291870007
32.52926653,0.01272455086
32.54851462,0.01247885845
32.56776271,0.01220246084
32.58701079,0.01191237458
32.60625888,0.01157211907
32.62550697,0.01121822246
32.64475505,0.01086413808
32.66400314,0.01051315194
32.68325123,0.01021446513
32.70249931,0.00991315997
32.7217474,0.009670838454
32.74099549,0.009459290808
32.76024357,0.009265002782
32.77949166,0.009077499872
32.79873975,0.008882437226
32.81798783,0.008675024253
32.83723592,0.008482354958
32.85648401,0.008307229994
32.87573209,0.008123554089
32.89498018,0.00797477994
32.91422827,0.007848049941
32.93347635,0.007748374728
32.95272444,0.007643657067
32.97197253,0.00756238264
32.99122061,0.007556805921
33.0104687,0.007599346825
33.02971679,0.007641946915
33.04896487,0.007697259169
33.06821296,0.00778218689
33.08746105,0.007908740985
33.10670913,0.008064355566
33.12595722,0.008200715799
33.14520531,0.008271936475
33.16445339,0.008319633398
33.18370148,0.008427855876
33.20294957,0.008543565711
33.22219766,0.008666910541
33.24144574,0.008811841722
33.26069383,0.008975265702
33.27994192,0.009157019236
33.29919,0.009322172028
33.31843809,0.00951740352
33.33768618,0.009737948075
33.35693426,0.00996464231
33.37618235,0.01017320056
33.39543044,0.01033566999
33.41467852,0.01049288706
33.43392661,0.01063968888
33.4531747,0.01080233435
33.47242278,0.01100418801
33.49167087,0.0112339576
33.51091896,0.01146553096
33.53016704,0.01171551109
33.54941513,0.01198516993
33.56866322,0.01223593494
33.5879113,0.01247602072
33.60715939,0.01274268607
33.62640748,0.01301645854
33.64565556,0.01326965694
33.66490365,0.01351192703
33.68415174,0.01373735852
33.70339982,0.01396978216
33.72264791,0.01420275307
33.741896,0.01441353797
33.76114408,0.01461246588
33.78039217,0.01478767039
33.79964026,0.01492642601
33.81888834,0.01504605181
33.83813643,0.01514948629
33.85738452,0.01528769925
33.8766326,0.01540318651
33.89588069,0.0155117396
33.91512878,0.01563265715
33.93437686,0.01579205765
33.95362495,0.01596243207
33.97287304,0.01615780078
33.99212112,0.0163058435
34.01136921,0.01641963268
34.0306173,0.01652915945
34.04986538,0.01661320788
34.06911347,0.01669287878
34.08836156,0.0167715166
34.10760964,0.01685011941
34.12685773,0.01694561839
34.14610582,0.01700852026
34.1653539,0.0171337051
34.18460199,0.01722942632
34.20385008,0.01734093726
34.22309816,0.01745253339
34.24234625,0.01756280518
34.26159434,0.01767142818
34.28084242,0.01777754167
34.30009051,0.0178444815
34.3193386,0.01782299519
34.33858668,0.01787410807
34.35783477,0.01795465178
34.37708286,0.01805351782
34.39633094,0.01815113697
34.41557903,0.01829245173
34.43482712,0.01841313735
34.4540752,0.01851659457
34.47332329,0.01860657084
34.49257138,0.01870826538
34.51181946,0.01882320065
34.53106755,0.01889711574
34.55031564,0.01897222053
34.56956372,0.01904463827
34.58881181,0.01912647347
34.6080599,0.01925307438
34.62730798,0.01942611532
34.64655607,0.01957725672
34.66580416,0.01969569681
34.68505224,0.01981590562
34.70430033,0.01997038936
34.72354842,0.02009907373
34.7427965,0.02019629799
34.76204459,0.02029795534
34.78129268,0.02040054188
34.80054076,0.0205290024
34.81978885,0.02070979012
34.83903694,0.02094236766
34.85828503,0.0210762
34.87753311,0.02117413259
34.8967812,0.02126591456
34.91602929,0.02136162694
34.93527737,0.02144427078
34.95452546,0.02153124418
34.97377355,0.02160751888
34.99302163,0.02168825042
35.01226972,0.02174708395
35.03151781,0.02178470849
35.05076589,0.02177277205
35.07001398,0.02178001901
35.08926207,0.02178225218
35.10851015,0.02173497277
35.12775824,0.02164863815
35.14700633,0.02160782355
35.16625441,0.02150117445
35.1855025,0.02132674042
35.20475059,0.02118281827
35.22399867,0.02101775387
35.24324676,0.02083484426
35.26249485,0.02065199666
35.28174293,0.02048195138
35.30099102,0.02030818758
35.32023911,0.02006025322
35.33948719,0.01981598481
35.35873528,0.01951365955
35.37798337,0.01926077782
35.39723145,0.0190339085
35.41647954,0.01873358722
35.43572763,0.0184414849
35.45497571,0.01816828341
35.4742238,0.01793025382
35.49347189,0.01770360618
35.51271997,0.01743597529
35.53196806,0.01718614966
35.55121615,0.01696635228
35.57046423,0.01674962679
35.58971232,0.01644890769
35.60896041,0.01611455893
35.62820849,0.01583000428
35.64745658,0.01543486235
35.66670467,0.0150073724
35.68595275,0.01462454258
35.70520084,0.01430396916
35.72444893,0.01396882581
35.74369701,0.013582379
35.7629451,0.01322259708
35.78219319,0.01297601191
35.80144127,0.01264516129
35.82068936,0.01237571803
35.83993745,0.01210685787
35.85918553,0.01188394434
35.87843362,0.0116214071
35.89768171,0.01136340673
35.91692979,0.01107454397
35.93617788,0.01077334278
35.95542597,0.01042421441
35.97467405,0.01006936947
35.99392214,0.009796993401
36.01317023,0.009523097928
36.03241831,0.009244789783
36.0516664,0.00901063303
36.07091449,0.008818458565
36.09016257,0.008655921259
36.10941066,0.008500907724
36.12865875,0.008336591552
36.14790683,0.008217802058
36.16715492,0.008061635098
36.18640301,0.007807756986
36.20565109,0.007564607416
36.22489918,0.007299537762
36.24414727,0.007021957463
36.26339535,0.006732338626
36.28264344,0.006402844548
36.30189153,0.006170028314
36.32113961,0.005919156492
36.3403877,0.005699351209
36.35963579,0.005467184298
36.37888387,0.005230542523
36.39813196,0.00499491242
36.41738005,0.004750222817
36.43662814,0.004499001104
36.45587622,0.004244321623
36.47512431,0.00396917286
36.4943724,0.003704753114
36.51362048,0.003409965339
36.53286857,0.003119192539
36.55211666,0.002859029551
36.57136474,0.002623503889
36.59061283,0.002405454226
36.60986092,0.002186864588
36.629109,0.001983609806
36.64835709,0.001774909093
36.66760518,0.001558453556
36.68685326,0.001284661505
36.70610135,0.0009945155059
36.72534944,0.0007253882764
36.74459752,0.0004489525726
36.76384561,0.0001671362592
36.7830937,-0.0001339180888
36.80234178,-0.0004116970271
36.82158987,-0.0006655314263
36.84083796,-0.0009087264561
36.86008604,-0.001130509852
36.87933413,-0.001331453995
36.89858222,-0.00155348204
36.9178303,-0.001786197093
36.93707839,-0.002030822264
36.95632648,-0.002266652164
36.97557456,-0.002477433119
36.99482265,-0.002681376947
37.01407074,-0.002838126952
37.03331882,-0.002960795852
37.05256691,-0.00305258913
37.071815,-0.003079293569
37.09106308,-0.003032775049
37.11031117,-0.002919533289
37.12955926,-0.002799527674
37.14880734,-0.002683929684
37.16805543,-0.002535353639
37.18730352,-0.002348187988
37.2065516,-0.002143366545
37.22579969,-0.001922200451
37.24504778,-0.001645841413
37.26429586,-0.00132290718
37.28354395,-0.0009801522552
37.30279204,-0.00063922349
37.32204012,-0.0002746666121
37.34128821,0.0001130756518
37.3605363,0.0004802799641
37.37978438,0.0008303902372
37.39903247,0.001177161463
37.41828056,0.001551199649
37.43752864,0.001904147391
37.45677673,0.002226532298
37.47602482,0.002534239708
37.4952729,0.002854094469
37.51452099,0.003187136017
37.53376908,0.003490932736
37.55301716,0.003748095998
37.57226525,0.003989772861
37.59151334,0.004234663129
37.61076142,0.004451286173
37.63000951,0.004642616034
37.6492576,0.004811568334
37.66850568,0.004950815813
37.68775377,0.005072174409
37.70700186,0.005151250202
37.72624994,0.005193711112
37.74549803,0.005223730181
37.76474612,0.005237432641
37.7839942,0.005189538466
37.80324229,0.005081529909
37.82249038,0.004976969993
37.84173846,0.004836827062
37.86098655,0.004644138755
37.88023464,0.004422238234
37.89948272,0.00420319287
37.91873081,0.003939484237
37.9379789,0.003612548091
37.95722698,0.003228980583
37.97647507,0.002808340755
37.99572316,0.002371999508
38.01497124,0.001917918388
38.03421933,0.001431058838
38.05346742,0.0009102779461
38.07271551,0.000375521944
38.09196359,-0.0001833293094
38.11121168,-0.0007924494421
38.13045977,-0.00144254893
38.14970785,-0.002089126945
38.16895594,-0.002749413407
38.18820403,-0.003465706252
38.20745211,-0.004210548992
38.2267002,-0.004962905077
38.24594829,-0.005706840709
38.26519637,-0.006414546866
38.28444446,-0.007130649971
38.30369255,-0.007877691036
38.32294063,-0.008628171935
38.34218872,-0.009388328932
38.36143681,-0.01013830105
38.38068489,-0.01087458282
38.39993298,-0.01160101763
38.41918107,-0.01231185471
38.43842915,-0.01302701452
38.45767724,-0.01374318403
38.47692533,-0.01445360942
38.49617341,-0.01512896858
38.5154215,-0.01574336349
38.53466959,-0.01632934285
38.55391767,-0.01689973092
38.57316576,-0.01743829848
38.59241385,-0.01797001492
38.61166193,-0.01845711143
38.63091002,-0.01891114417
38.65015811,-0.01937047626
38.66940619,-0.01977979192
38.68865428,-0.02014329396
38.70790237,-0.02046843454
38.72715045,-0.02078647503
38.74639854,-0.02107394111
38.76564663,-0.02130425078
38.78489471,-0.02148353236
38.8041428,-0.02163946242
38.82339089,-0.0217811702
38.84263897,-0.02189090697
38.86188706,-0.02197785814
38.88113515,-0.02204522632
38.90038323,-0.02206835091
38.91963132,-0.02208757026
38.93887941,-0.02209700387
38.95812749,-0.02210799785
38.97737558,-0.02210387311
38.99662367,-0.02207630605
39.01587175,-0.02203177077
39.03511984,-0.02194100452
39.05436793,-0.02181862399
39.07361601,-0.02169191791
39.0928641,-0.02155041152
39.11211219,-0.02139962852
39.13136027,-0.0212248362
39.15060836,-0.021043198
39.16985645,-0.02083810224
39.18910453,-0.02063461858
39.20835262,-0.02044458234
39.22760071,-0.02026004029
39.24684879,-0.02006691242
39.26609688,-0.01983810618
39.28534497,-0.01956659011
39.30459305,-0.01927468197
39.32384114,-0.01896998613
39.34308923,-0.0186472232
39.36233731,-0.01833244495
39.3815854,-0.01801333836
39.40083349,-0.0176897311
39.42008157,-0.01736880833
39.43932966,-0.01703130798
39.45857775,-0.01670476318
39.47782583,-0.01638538594
39.49707392,-0.01603236783
39.51632201,-0.01569204954
39.53557009,-0.01533106163
39.55481818,-0.01494799728
39.57406627,-0.01455513286
39.59331435,-0.014215575
39.61256244,-0.01384626688
39.63181053,-0.01348475288
39.65105861,-0.01311205793
39.6703067,-0.01277640992
39.68955479,-0.01251006795
39.70880288,-0.01230167926
39.72805096,-0.01216956177
39.74729905,-0.01199675053
39.76654714,-0.01185969936
39.78579522,-0.01168881916
39.80504331,-0.01152986428
39.8242914,-0.01136878275
39.84353948,-0.0112850944
39.86278757,-0.0111299119
39.88203566,-0.01111186609
39.90128374,-0.01106805645
39.92053183,-0.01106848146
39.93977992,-0.01102352986
39.959028,-0.01095819726
39.97827609,-0.01097717876
39.99752418,-0.01092852709
40.01677226,-0.01096533101
40.03602035,-0.01100311286
40.05526844,-0.01105921436
40.07451652,-0.01103577771
40.09376461,-0.01107164321
40.1130127,-0.01110887642
40.13226078,-0.01120435798
40.15150887,-0.01127694982
40.17075696,-0.01136144169
40.19000504,-0.0114109779
40.20925313,-0.01148263725
40.22850122,-0.0115305816
40.2477493,-0.01156431301
40.26699739,-0.01154229486
40.28624548,-0.01154616532
40.30549356,-0.01145403574
40.32474165,-0.01139622647
40.34398974,-0.01123833413
40.36323782,-0.01111072538
40.38248591,-0.01096064092
40.401734,-0.01087407078
40.42098208,-0.010647989
40.44023017,-0.01041612674
40.45947826,-0.01019165004
40.47872634,-0.009953319046
40.49797443,-0.009722455509
40.51722252,-0.009432559222
40.5364706,-0.009072251177
40.55571869,-0.008757082181
40.57496678,-0.00839035316
40.59421486,-0.008022438537
40.61346295,-0.007664380187
40.63271104,-0.007318173397
40.65195912,-0.006965307138
40.67120721,-0.006639280661
40.6904553,-0.006246242852
40.70970338,-0.005882816977
40.72895147,-0.005582100767
40.74819956,-0.005196090166
40.76744764,-0.004905792544
40.78669573,-0.004636038353
40.80594382,-0.004301548436
40.8251919,-0.00404877983
40.84443999,-0.003715562619
40.86368808,-0.003444703544
40.88293616,-0.003142270035
40.90218425,-0.002981494784
40.92143234,-0.002823204795
40.94068042,-0.002695023161
40.95992851,-0.002564694831
40.9791766,-0.00247692166
40.99842468,-0.002351465248
41.01767277,-0.002248862304
41.03692086,-0.002356085349
41.05616894,-0.00228734017
41.07541703,-0.002276829087
41.09466512,-0.002288198269
41.1139132,-0.002384530394
41.13316129,-0.002432352624
41.15240938,-0.002548979714
41.17165746,-0.002754431812
41.19090555,-0.002949703282
41.21015364,-0.003159602508
41.22940172,-0.003387984475
41.24864981,-0.003636698272
41.2678979,-0.003926274325
41.28714599,-0.004165658629
41.30639407,-0.004332360242
41.32564216,-0.004550958422
41.34489025,-0.004809777692
41.36413833,-0.005015843497
41.38338642,-0.005400510716
41.40263451,-0.005757953263
41.42188259,-0.006104742118
41.44113068,-0.006490443824
41.46037877,-0.006887780701
41.47962685,-0.007336318231
41.49887494,-0.007693325714
41.51812303,-0.008158148856
41.53737111,-0.008532153446
41.5566192,-0.008902101174
41.57586729,-0.009347229874
41.59511537,-0.009803071089
41.61436346,-0.01024058372
41.63361155,-0.01065766244
41.65285963,-0.01109817956
41.67210772,-0.01162200602
41.69135581,-0.01206734741
41.71060389,-0.01259440696
41.72985198,-0.01309184547
41.74910007,-0.01356964519
41.76834815,-0.01405395851
41.78759624,-0.01452639924
41.80684433,-0.01497297102
41.82609241,-0.01539878063
41.8453405,-0.01581154557
41.86458859,-0.01617170301
41.88383667,-0.01651552364
41.90308476,-0.01687240862
41.92233285,-0.01721989305
41.94158093,-0.01758982648
41.96082902,-0.01792139182
41.98007711,-0.01825973027
41.99932519,-0.0185681063
42.01857328,-0.01875351735
42.03782137,-0.01889728675
42.05706945,-0.01899245917
42.07631754,-0.01905275621
42.09556563,-0.0189844779
42.11481371,-0.01890712101
42.1340618,-0.01878358628
42.15330989,-0.01868817378
42.17255797,-0.01847219155
42.19180606,-0.01825444847
42.21105415,-0.01784841279
42.23030223,-0.01745987614
42.24955032,-0.01687706607
42.26879841,-0.01621664504
42.28804649,-0.01549159233
42.30729458,-0.01476224126
42.32654267,-0.01383079065
42.34579075,-0.01296662631
42.36503884,-0.0119801581
42.38428693,-0.01103182346
42.40353501,-0.01006248493
42.4227831,-0.009108467191
42.44203119,-0.007896614071
42.46127927,-0.006815834986
42.48052736,-0.005322237742
42.49977545,-0.004194064218
42.51902353,-0.002906533928
42.53827162,-0.001640339725
42.55751971,-0.0003294126009
42.57676779,0.00105160345
42.59601588,0.00241634493
42.61526397,0.003810877237
42.63451205,0.005048413707
42.65376014,0.00626783632
42.67300823,0.007656644192
42.69225631,0.008949447301
42.7115044,0.01021738312
42.73075249,0.01153571618
42.75000057,0.01272685277
42.76924866,0.01407006637
42.78849675,0.01524675408
42.80774483,0.01652932744
42.82699292,0.01770852648
42.84624101,0.01899523887
42.86548909,0.02022404572
42.88473718,0.02155275105
42.90398527,0.02268228783
42.92323336,0.02376842973
42.94248144,0.02486017948
42.96172953,0.02594694951
42.98097762,0.02705291433
43.0002257,0.02808472945
43.01947379,0.02908122692
43.03872188,0.02992354041
43.05796996,0.03058230622
43.07721805,0.03142088987
43.09646614,0.03206300252
43.11571422,0.03254438256
43.13496231,0.03310916234
43.1542104,0.03347164274
43.17345848,0.03378414225
43.19270657,0.03396569483
43.21195466,0.03418940794
43.23120274,0.0342161013
43.25045083,0.03420110937
43.26969892,0.03413244442
43.288947,0.03392057455
43.30819509,0.03362395069
43.32744318,0.03315092241
43.34669126,0.032887863
43.36593935,0.03241481566
43.38518744,0.03187350713
43.40443552,0.0312774514
43.42368361,0.0306215135
43.4429317,0.02985453242
43.46217978,0.02907251824
43.48142787,0.02814290396
43.50067596,0.0271800118
43.51992404,0.02648346635
43.53917213,0.02553550992
43.55842022,0.02456640582
43.5776683,0.02366255774
43.59691639,0.02267836898
43.61616448,0.02190489697
43.63541256,0.02086175584
43.65466065,0.01985648478
43.67390874,0.01886830843
43.69315682,0.01780185893
43.71240491,0.01683031911
43.731653,0.01592027353
43.75090108,0.01487129498
43.77014917,0.01378548238
43.78939726,0.01280402062
43.80864534,0.01182518376
43.82789343,0.01087391125
43.84714152,0.009753677104
43.8663896,0.008907484746
43.88563769,0.007882805733
43.90488578,0.006870849323
43.92413386,0.006059369383
43.94338195,0.005098329473
43.96263004,0.004156299432
43.98187812,0.003239814347
44.00112621,0.002285571879
44.0203743,0.001225291407
44.03962238,0.0002424711743
44.05887047,-0.0006045298468
44.07811856,-0.001638821663
44.09736664,-0.002490570999
44.11661473,-0.003533307436
44.13586282,-0.004494334637
44.1551109,-0.005428738494
44.17435899,-0.006402720067
44.19360708,-0.007436630142
44.21285516,-0.008308764704
44.23210325,-0.009257584599
44.25135134,-0.0102590589
44.27059942,-0.01130373924
44.28984751,-0.01231320826
44.3090956,-0.01341702823
44.32834368,-0.01444783629
44.34759177,-0.01557751076
44.36683986,-0.01652729212
44.38608794,-0.01757247623
44.40533603,-0.01862664245
44.42458412,-0.01961755372
44.4438322,-0.02065251202
44.46308029,-0.02164319493
44.48232838,-0.02280909883
44.50157646,-0.02379983304
44.52082455,-0.02486744313
44.54007264,-0.02597611669
44.55932073,-0.02711569912
44.57856881,-0.02814964086
44.5978169,-0.02897804959
44.61706499,-0.03002235302
44.63631307,-0.03118122216
44.65556116,-0.03214939416
44.67480925,-0.03311027265
44.69405733,-0.03415002122
44.71330542,-0.03506138004
44.73255351,-0.03605787473
44.75180159,-0.03708782144
44.77104968,-0.03808323044
44.79029777,-0.03896153382
44.80954585,-0.03999825806
44.82879394,-0.04081334145
44.84804203,-0.04160732176
44.86729011,-0.04237821835
44.8865382,-0.04316782558
44.90578629,-0.0439044471
44.92503437,-0.04459347338
44.94428246,-0.04527351259
44.96353055,-0.04603286719
44.98277863,-0.04661961233
45.00202672,-0.0471270961
45.02127481,-0.04754192876
45.04052289,-0.04795712062
45.05977098,-0.04837410447
45.07901907,-0.04875076923
45.09826715,-0.04903870439
45.11751524,-0.04934935201
45.13676333,-0.04952565598
45.15601141,-0.04972210726
45.1752595,-0.04995165355
45.19450759,-0.05007014276
45.21375567,-0.05019097228
45.23300376,-0.05025347057
45.25225185,-0.05022583
45.27149993,-0.05020746413
45.29074802,-0.05019665796
45.30999611,-0.05014650362
45.32924419,-0.05010870365
45.34849228,-0.04997633533
45.36774037,-0.04979116447
45.38698845,-0.0495290789
45.40623654,-0.04921574622
45.42548463,-0.04890550955
45.44473271,-0.04855512664
45.4639808,-0.0481677045
45.48322889,-0.04775809699
45.50247697,-0.04727369568
45.52172506,-0.04676476367
45.54097315,-0.04627453345
45.56022123,-0.04570828102
45.57946932,-0.04514093184
45.59871741,-0.04442858612
45.61796549,-0.0436747475
45.63721358,-0.04288032809
45.65646167,-0.04196905273
45.67570975,-0.04108084384
45.69495784,-0.04022422592
45.71420593,-0.03929581082
45.73345401,-0.03838197795
45.7527021,-0.0374934288
45.77195019,-0.03659370916
45.79119827,-0.03553859395
45.81044636,-0.03454016588
45.82969445,-0.03344019064
45.84894253,-0.03239257554
45.86819062,-0.03130306517
45.88743871,-0.03026125329
45.90668679,-0.02910416582
45.92593488,-0.02804557672
45.94518297,-0.02692985814
45.96443105,-0.02583452264
45.98367914,-0.02480823307
46.00292723,-0.0238057595
46.02217531,-0.02264556823
46.0414234,-0.02154653474
46.06067149,-0.02038195547
46.07991957,-0.01919873284
46.09916766,-0.01794708053
46.11841575,-0.01671506238
46.13766384,-0.01550264919
46.15691192,-0.0142921514
46.17616001,-0.01314437036
46.1954081,-0.01192010035
46.21465618,-0.01076508398
46.23390427,-0.009526617352
46.25315236,-0.008296108938
46.27240044,-0.007039680484
46.29164853,-0.005722458076
46.31089662,-0.004339569915
46.3301447,-0.002915188554
46.34939279,-0.001477125165
46.36864088,2.515924008e-005
46.38788896,0.001494270836
46.40713705,0.003003869341
46.42638514,0.004605299883
46.44563322,0.006196504505
46.46488131,0.00776124685
46.4841294,0.009355965978
46.50337748,0.01095649275
46.52262557,0.01252976296
46.54187366,0.01408201825
46.56112174,0.0156683208
46.58036983,0.01734542931
46.59961792,0.01895610323
46.618866,0.02061013378
46.63811409,0.02221208327
46.65736218,0.02375220216
46.67661026,0.0251864242
46.69585835,0.02658212682
46.71510644,0.02797503625
46.73435452,0.02932229092
46.75360261,0.0306493522
46.7728507,0.03188657544
46.79209878,0.03309068726
46.81134687,0.034252418
46.83059496,0.03534912615
46.84984304,0.03636556477
46.86909113,0.03734020565
46.88833922,0.03820359958
46.9075873,0.03895813869
46.92683539,0.03961255635
46.94608348,0.04018061261
46.96533156,0.04068523612
46.98457965,0.04103494359
47.00382774,0.04131464
47.02307582,0.04148872827
47.04232391,0.04160247628
47.061572,0.04154479236
47.08082008,0.04141649491
47.10006817,0.04122854316
47.11931626,0.04090951872
47.13856434,0.04047420634
47.15781243,0.03989482892
47.17706052,0.03919522482
47.1963086,0.03835925923
47.21555669,0.03738755548
47.23480478,0.03628550186
47.25405286,0.03515232435
47.27330095,0.03395429898
47.29254904,0.03272154665
47.31179712,0.03134326931
47.33104521,0.02993243665
47.3502933,0.02837354419
47.36954138,0.02677206857
47.38878947,0.02513262407
47.40803756,0.02341172201
47.42728564,0.02163352302
47.44653373,0.01980739564
47.46578182,0.01794886542
47.4850299,0.01607617519
47.50427799,0.01417017746
47.52352608,0.01224773088
47.54277416,0.01035218369
47.56202225,0.008486563529
47.58127034,0.006621341503
47.60051842,0.004828004166
47.61976651,0.003020137825
47.6390146,0.001178894255
47.65826268,-0.0006435450391
47.67751077,-0.002424028369
47.69675886,-0.004067984426
47.71600694,-0.005636479853
47.73525503,-0.007097332806
47.75450312,-0.008359735083
47.77375121,-0.00956782016
47.79299929,-0.01073789515
47.81224738,-0.0118096818
47.83149547,-0.01274098162
47.85074355,-0.01351635133
47.86999164,-0.01410959632
47.88923973,-0.01465700919
47.90848781,-0.01503269385
47.9277359,-0.0153323732
47.94698399,-0.01530464016
47.96623207,-0.01512941548
47.98548016,-0.01486635705
48.00472825,-0.0142136923
48.02397633,-0.01330085764
48.04322442,-0.01216761922
48.06247251,-0.01124694586
48.08172059,-0.01004056074
48.10096868,-0.009132653149
